Mon. Aug. 24, 2020             LANDSAT 5                 Time: 20:22
                         Image Assessment System
                           GCP Residual Report
----------------------------------------------------------------------------
WOID: L2            Path/Row: 021 / 040

L0R Reference Image: L51EDC1010145160100_HDF.202250806
Acquisition Date: May 25, 2010

Band Number:  5

GLS date for each WRS-2 path/row used:
Path  Row   Date
021   039   10-15-2001, 01-31-2015
021   040   10-15-2001, 11-15-2015
022   039   09-17-2000, 11-22-2015
022   040   10-01-1999, 02-07-2015


Point_ID         Latitude  Longitude    Height       Across    Along    Residual  Residual
                                                      Scan      Scan      In y      in x
                                                    Residual  Residual    dir       dir
                   (deg)     (deg)     (meters)     (meters)  (meters)  (meters)  (meters)

0210390415_01   29.662532  -89.552805   -22.548       0.693    -3.476     1.305    -3.298
0210390420_01   29.710326  -89.623197   -17.582       3.318     0.238     3.224     0.827
0210390427_01   29.663060  -89.581971   -24.949      -0.611    -0.739    -0.468    -0.836
0210390429_01   29.679020  -89.700420   -19.650       1.184    -1.416     1.420    -1.182
0210390431_01   29.634274  -89.679683   -16.204      -1.435    -1.500    -1.143    -1.732
0210390436_01   29.658537  -89.684393   -19.021      -0.017     1.043    -0.202     1.025
0210390438_01   29.634858  -89.703866   -25.668       0.034    -1.316     0.269    -1.288
0210390441_01   29.682019  -89.673849   -23.151       0.629    -2.271     1.026    -2.123
0210390442_01   29.672581  -89.634515   -22.413      -4.348    -4.529    -3.470    -5.234
0210390621_01   29.718997  -89.540370   -34.281       0.206     3.567    -0.434     3.549
0210390623_01   29.641906  -89.690457   -18.503       0.359    -0.228     0.395    -0.160
0210390624_01   29.687087  -89.650446   -16.640       0.238     3.849    -0.454     3.832
0210390634_01   29.647870  -89.510320   -21.394      -0.578     2.253    -0.971     2.115
0210390635_01   29.624310  -89.663972   -16.595      -2.245     0.043    -2.217    -0.358
0210400001_01   29.405180  -89.780319   -20.207      -0.573     0.016    -0.567    -0.086
0210400002_01   29.541171  -89.733890   -19.107      -1.658    -2.867    -1.119    -3.118
0210400006_01   29.179852  -89.256468   -22.000      -5.543     1.369    -5.700     0.358
0210400007_01   29.236465  -89.381439   -20.713      -3.701     0.156    -3.671    -0.507
0210400008_01   29.317206  -89.389843   -35.666       2.515    -0.204     2.512     0.249
0210400014_01   29.731766  -89.608525   -22.396      -1.241    -1.204    -1.006    -1.406
0210400015_01   29.253892  -89.357765   -22.000      -1.191    -0.586    -1.068    -0.790
0210400017_01   29.236644  -89.274997   -23.000      -1.676     1.422    -1.903     1.101
0210400019_01   29.264630  -89.377161   -23.000       3.576    -3.225     4.097    -2.535
0210400025_01   29.370556  -89.534121   -31.626       3.252     4.793     2.345     5.299
0210400026_01   29.236861  -89.275616   -23.000      -0.381     3.025    -0.916     2.910
0210400027_01   29.196703  -89.332635   -23.000      -1.588    -4.199    -0.812    -4.416
0210400028_01   29.352990  -89.547575   -25.889      -1.941     0.518    -2.002     0.164
0210400032_01   29.236215  -89.360155   -20.644       1.675     3.182     1.080     3.431
0210400034_01   29.272103  -89.351709   -21.335       2.067    -2.320     2.450    -1.914
0210400035_01   29.230477  -89.408437   -25.000       1.649    -1.891     1.962    -1.566
0210400036_01   29.062731  -89.218492   -24.000       2.406    -4.234     3.125    -3.737
0210400038_01   29.113404  -89.114168   -24.000       0.046     3.259    -0.537     3.216
0210400040_01   29.496497  -89.694032   -16.110       3.405    -0.447     3.432     0.168
0210400042_01   29.101256  -89.195855   -25.156      -1.437     2.016    -1.774     1.728
0210400043_01   29.053618  -89.307960   -21.461      -1.583     3.756    -2.230     3.415
0210400044_01   29.323288  -89.304973   -21.344      -0.832    -2.880    -0.304    -2.983
0210400049_01   29.437827  -89.625172   -25.556      -3.350     0.885    -3.455     0.275
0210400051_01   29.237441  -89.225293   -24.020       3.273    -0.909     3.384    -0.310
0210400052_01   29.320394  -89.269174   -23.000      -2.578     3.885    -3.231     3.364
0210400055_01   29.380519  -89.781419   -24.662      -1.249    -1.859    -0.896    -2.052
0210400056_01   29.266634  -89.475599   -27.290      -1.186    -3.538    -0.535    -3.694
0210400060_01   29.122320  -89.295904   -23.000      -0.634     0.528    -0.718     0.406
0210400061_01   29.300217  -89.309728   -21.073      -4.525     1.788    -4.774     0.953
0210400063_01   29.027592  -89.325818   -20.249       2.824    -3.627     3.428    -3.066
0210400068_01   29.124257  -89.217971   -24.000      -5.482     3.885    -6.090     2.845
0210400071_01   29.515204  -89.692698   -21.966       1.128    -1.022     1.294    -0.805
0210400072_01   29.245682  -89.484719   -20.674      -2.785     1.110    -2.940     0.596
0210400073_01   29.056513  -89.342404   -22.000      -3.859    -5.374    -2.838    -5.979
0210400074_01   29.467639  -89.687708   -16.561       0.987    -5.734     1.997    -5.468
0210400076_01   29.091181  -89.266230   -21.081      -5.906    -2.593    -5.349    -3.607
0210400077_01   29.298449  -89.250721   -23.000       1.215    -0.574     1.299    -0.348
0210400078_01   29.353023  -89.458349   -24.349       2.081     4.735     1.202     5.033
0210400083_01   29.663055  -89.581965   -24.968      -0.277    -1.168    -0.063    -1.199
0210400084_01   29.112324  -89.257826   -18.104       5.404     0.087     5.303     1.051
0210400085_01   29.537554  -89.712444   -15.978      -2.583     0.149    -2.568    -0.314
0210400087_01   29.073068  -89.264610   -22.636      -5.902    -1.530    -5.536    -2.560
0210400088_01   29.263794  -89.392527   -23.613       3.692    -2.858     4.146    -2.153
0210400094_01   29.255857  -89.255917   -24.000       3.592    -4.561     4.350    -3.848
0210400096_01   29.481343  -89.774984   -23.072      -1.852    -0.238    -1.780    -0.564
0210400097_01   29.573631  -89.762589   -35.687      -1.706     2.225    -2.077     1.887
0210400103_01   29.131767  -89.255013   -20.460      -1.735    -2.086    -1.335    -2.363
0210400104_01   29.350734  -89.407174   -34.478      -3.315    -4.480    -2.461    -5.001
0210400105_01   29.251022  -89.514805   -28.686      -0.141     0.882    -0.296     0.844
0210400106_01   29.487569  -89.667796   -29.407      -0.559    -0.208    -0.513    -0.304
0210400108_01   29.634273  -89.679687   -15.528      -1.433    -1.504    -1.141    -1.735
0210400109_01   29.128017  -89.165563   -21.920      -2.753    -0.717    -2.581    -1.197
0210400112_01   29.662528  -89.552807   -21.923       0.803    -3.271     1.375    -3.076
0210400114_01   29.139286  -89.098739   -22.529       5.742    -5.140     6.570    -4.032
0210400116_01   29.280502  -89.259865   -22.332      -5.951    -0.235    -5.815    -1.293
0210400117_01   29.312445  -89.350196   -20.279       0.902    -1.207     1.104    -1.027
0210400120_01   29.369608  -89.392887   -22.038       2.924     1.842     2.549     2.336
0210400121_01   29.577026  -89.727722   -20.968      -2.544    -1.761    -2.189    -2.187
0210400122_01   29.199607  -89.053295   -23.000      -1.492    -5.589    -0.470    -5.766
0210400126_01   29.452655  -89.586242   -16.119      -0.802     2.976    -1.321     2.787
0210400128_01   29.068035  -89.288216   -18.978       0.000    -0.491     0.088    -0.483
0210400130_01   29.265661  -89.280829   -21.384       3.407    -6.416     4.500    -5.706
0210400131_01   29.683114  -89.712292   -23.695       0.754    -1.897     1.082    -1.732
0210400132_01   29.355853  -89.279534   -22.831       5.635     1.936     5.200     2.912
0210400133_01   29.686703  -89.734995   -29.188       0.082    -1.823     0.407    -1.779
0210400136_01   29.658536  -89.684399   -19.007      -0.024     1.334    -0.262     1.309
0210400137_01   29.672582  -89.634521   -23.943      -4.478    -4.065    -3.681    -4.800
0210400138_01   29.572571  -89.705636   -19.180       2.008    -2.006     2.336    -1.616
0210400139_01   29.477027  -89.612830   -25.360      -0.596    -0.583    -0.482    -0.680
0210400140_01   29.362884  -89.479267   -26.312       2.091     0.885     1.900     1.245
0210400142_01   29.451570  -89.666272   -23.144       1.417     2.533     0.942     2.747
0210400146_01   29.697403  -89.689092   -23.450      -0.043    -2.062     0.327    -2.037
0210400147_01   29.146990  -89.161729   -25.000       0.269     0.766     0.128     0.803
0210400152_01   29.238420  -89.296327   -21.728      -2.032     1.683    -2.301     1.294
0210400153_01   29.662833  -89.462669   -20.205      -3.380    -2.865    -2.814    -3.423
0210400154_01   29.231903  -89.203240   -25.000      -3.734    -1.634    -3.383    -2.275
0210400158_01   29.165630  -89.166680   -23.585       5.173     2.892     4.575     3.770
0210400160_01   29.697467  -89.434057   -17.968      -3.424     0.087    -3.385    -0.525
0210400161_01   29.767357  -89.561073   -24.211      -3.381    -2.106    -2.951    -2.676
0210400162_01   29.301525  -89.278880   -23.228      -0.742     0.771    -0.867     0.627
0210400163_01   29.405097  -89.608178   -21.396      -4.458     0.401    -4.459    -0.401
0210400164_01   29.614128  -89.699607   -17.181      -0.680     0.280    -0.719     0.155
0210400165_01   29.173760  -89.421220   -21.585      -6.301    -6.819    -4.983    -7.837
0210400166_01   29.392660  -89.547373   -22.880       5.780     3.024     5.150     4.008
0210400168_01   29.520600  -89.571280   -23.483      -0.937     5.998    -1.994     5.737
0210400169_01   29.367693  -89.304824   -21.943      -3.748     0.752    -3.823     0.071
0210400170_01   29.484606  -89.745053   -18.829       3.551    -0.664     3.615    -0.020
0210400174_01   29.250665  -89.416302   -33.653      -0.316     1.540    -0.586     1.460
0210400175_01   29.644802  -89.707269   -25.046      -0.018     0.647    -0.133     0.634
0210400176_01   29.644675  -89.739134   -24.067       0.385     0.481     0.293     0.543
0210400178_01   29.331837  -89.776455   -20.614       4.716    -2.649     5.117    -1.766
0210400179_01   29.511359  -89.600844   -20.651      -3.028     2.096    -3.354     1.523
0210400180_01   29.740092  -89.691818   -18.185       1.990    -1.190     2.172    -0.816
0210400181_01   29.483446  -89.644825   -25.199      -2.637     0.315    -2.651    -0.161
0210400182_01   29.236400  -89.326138   -24.000      -6.428     0.667    -6.446    -0.491
0210400183_01   29.608750  -89.723641   -17.990      -0.321     0.826    -0.463     0.756
0210400184_01   29.669133  -89.734852   -20.453       0.578     0.162     0.540     0.263
0210400185_01   29.364191  -89.584674   -27.040      -1.219     5.213    -2.131     4.914
0210400189_01   29.146555  -89.174346   -25.000       2.760    -2.305     3.129    -1.775
0210400190_01   29.153403  -89.393082   -23.000      -5.734    -3.560    -5.007    -4.528
0210400192_01   29.527585  -89.544795   -24.110       6.579     0.176     6.445     1.347
0210400193_01   29.289164  -89.440770   -29.202       6.561     2.613     5.992     3.744
0210400194_01   29.342958  -89.311400   -21.319      -3.567     5.950    -4.574     5.220
0210400195_01   29.265051  -89.213232   -24.414      -4.265     0.260    -4.244    -0.505
0210400196_01   29.247659  -89.462491   -20.690      -1.245    -4.715    -0.383    -4.863
0210400197_01   29.679516  -89.663570   -18.248       0.711    -1.619     0.990    -1.467
0210400198_01   29.328218  -89.526555   -18.241       0.170     0.679     0.046     0.699
0210400199_01   29.270333  -89.154693   -23.073       1.608     0.233     1.541     0.517
0210400201_01   29.206816  -89.430110   -26.834      -1.227     0.782    -1.347     0.551
0210400204_01   29.426689  -89.693454   -18.634       1.706     1.349     1.439     1.632
0210400206_01   29.292993  -89.528067   -37.792       3.042    -1.750     3.308    -1.179
0210400207_01   29.249496  -89.185805   -24.103      -1.580     5.952    -2.619     5.576
0210400209_01   29.299264  -89.467257   -24.324       2.026     5.885     0.943     6.156
0210400211_01   29.607600  -89.660180   -38.924      -2.102     6.046    -3.149     5.577
0210400213_01   29.382293  -89.455657   -24.374      -0.139     4.518    -0.944     4.423
0210400216_01   29.717349  -89.546210   -25.105      -3.776     1.265    -3.942     0.572
0210400218_01   29.307640  -89.217231   -24.339       3.202    -2.761     3.645    -2.145
0210400221_01   29.136165  -89.196622   -22.579      -0.481     0.439    -0.552     0.347
0210400224_01   29.450346  -89.687809   -19.794      -1.079    -5.195    -0.133    -5.306
0210400226_01   29.709857  -89.608571   -17.431      -1.272     0.685    -1.373     0.448
0210400227_01   29.181154  -89.122395   -23.045      -0.084     2.716    -0.568     2.659
0210400228_01   29.382241  -89.513425   -19.096       2.770     3.660     2.072     4.098
0210400230_01   29.257292  -89.553544   -24.133      -0.116     3.125    -0.672     3.055
0210400232_01   29.730642  -89.665271   -18.792       1.414     3.107     0.837     3.311
0210400233_01   29.380252  -89.781208   -18.278      -0.956    -0.812    -0.796    -0.970
0210400237_01   29.458609  -89.557953   -25.485      -0.826     0.840    -0.963     0.679
0210400238_01   29.599796  -89.750931   -23.142      -0.176    -3.219     0.403    -3.200
0210400239_01   29.706093  -89.582884   -25.388      -4.996     3.136    -5.478     2.196
0210400241_01   29.537403  -89.691999   -25.962       0.496    -3.007     1.026    -2.872
0210400242_01   29.691525  -89.629140   -23.497       3.328    -1.270     3.504    -0.656
0210400244_01   29.308173  -89.734549   -20.922       5.213    -2.827     5.638    -1.852
0210400245_01   29.731229  -89.713274   -23.793       3.671    -1.574     3.896    -0.894
0210400246_01   29.523756  -89.749503   -18.152       0.407    -3.957     1.109    -3.823
0210400247_01   29.336722  -89.431080   -22.944       5.621    -3.324     6.127    -2.268
0210400249_01   29.450413  -89.710802   -23.462       1.795     1.399     1.518     1.699
0210400251_01   29.634279  -89.679406   -17.255      -0.399    -0.458    -0.311    -0.521
0210400252_01   29.452960  -89.526867   -25.446       4.330     4.717     3.420     5.417
0210400253_01   29.741024  -89.552705   -25.200      -2.277     0.770    -2.379     0.352
0210400254_01   29.676358  -89.686084   -22.873      -0.293    -1.407    -0.036    -1.437
0210400255_01   29.347994  -89.332183   -21.340      -1.612     1.749    -1.899     1.434
0210400256_01   29.432981  -89.666063   -17.641      -4.332    -0.861    -4.109    -1.621
0210400257_01   29.555069  -89.728665   -19.124      -0.810    -4.825     0.066    -4.894
0210400258_01   29.343748  -89.355823   -23.000       0.373    -1.760     0.682    -1.666
0210400259_01   29.725515  -89.609605   -16.315       2.299     0.908     2.101     1.304
0210400260_01   29.523996  -89.671559   -25.596      -0.880    -0.751    -0.731    -0.896
0210400263_01   29.768887  -89.661602   -24.594       2.293    -2.844     2.767    -2.391
0210400265_01   29.108582  -89.161534   -25.000       0.034    -0.275     0.082    -0.264
0210400266_01   29.713600  -89.633504   -22.199       5.368    -2.126     5.665    -1.135
0210400267_01   29.497921  -89.715418   -23.052       4.020    -0.623     4.069     0.105
0210400269_01   29.284160  -89.343335   -21.000      -5.705    -6.679    -4.421    -7.592
0210400270_01   29.423203  -89.570674   -20.604      -1.776    -0.032    -1.741    -0.348
0210400273_01   29.372160  -89.752494   -18.183       1.514    -3.298     2.081    -2.976
0210400275_01   29.754195  -89.609697   -22.521       3.389     0.952     3.167     1.542
0210400277_01   29.338640  -89.259428   -22.332       2.105     2.738     1.583     3.071
0210400280_01   29.209987  -89.151004   -23.950      -5.534    -2.833    -4.941    -3.776
0210400281_01   29.659791  -89.612597   -20.849      -4.725     5.503    -5.634     4.575
0210400283_01   29.209114  -89.201561   -24.000       3.237    -1.596     3.471    -0.992
0210400285_01   29.687611  -89.465816   -22.762       5.369     5.866     4.236     6.733
0210400286_01   29.594406  -89.683661   -18.704       0.812     1.825     0.474     1.941
0210400287_01   29.404069  -89.520816   -22.069       3.799     1.617     3.451     2.270
0210400292_01   29.751657  -89.656191   -20.336      -2.679     2.167    -3.024     1.655
0210400294_01   29.567375  -89.683876   -23.049      -0.603     0.458    -0.675     0.344
0210400296_01   29.709679  -89.475592   -26.232      -2.258    -4.173    -1.476    -4.510
0210400297_01   29.431822  -89.542720   -20.457      -1.569     3.643    -2.195     3.307
0210400298_01   29.314521  -89.686808   -23.219       0.636     1.744     0.315     1.831
0210400301_01   29.174331  -89.142603   -22.934       3.985    -4.008     4.638    -3.233
0210400303_01   29.662016  -89.658163   -18.541       1.596    -0.867     1.726    -0.568
0210400304_01   29.598917  -89.621788   -17.249      -0.733    -6.251     0.397    -6.284
0210400305_01   29.422333  -89.750833   -18.186      -4.127     2.159    -4.448     1.389
0210400309_01   29.401413  -89.751555   -18.334       3.996     4.590     3.114     5.232
0210400310_01   29.663160  -89.709006   -19.254       1.313     0.702     1.168     0.926
0210400312_01   29.272542  -89.373016   -22.799       5.188     0.097     5.089     1.022
0210400314_01   29.718050  -89.685040   -23.417       0.531    -0.974     0.698    -0.864
0210400315_01   29.506118  -89.765710   -21.649       2.178    -2.691     2.626    -2.261
0210400316_01   29.260452  -89.306408   -23.000      -5.551    -4.333    -4.689    -5.256
0210400317_01   29.290047  -89.218377   -23.844       3.209    -0.669     3.278    -0.086
0210400318_01   29.694297  -89.520866   -22.034      -3.153    -1.891    -2.765    -2.424
0210400320_01   29.459496  -89.744391   -19.704       0.827     0.550     0.717     0.690
0210400321_01   29.341864  -89.634386   -26.019      -5.568    -2.416    -5.049    -3.372
0210400322_01   29.110313  -89.237663   -21.387      -3.723    -4.674    -2.829    -5.265
0210400323_01   29.408489  -89.683388   -23.142       0.873     1.272     0.633     1.408
0210400324_01   29.706945  -89.602991   -20.447       4.605     3.387     3.928     4.155
0210400325_01   29.049404  -89.287207   -23.000       1.047     4.426     0.240     4.544
0210400328_01   29.121709  -89.084449   -23.000       3.081     6.487     1.873     6.935
0210400329_01   29.497301  -89.624914   -20.833       3.996     2.207     3.539     2.886
0210400332_01   29.710263  -89.656026   -16.960       0.462     0.386     0.386     0.463
0210400336_01   29.374109  -89.657499   -25.252      -0.339     2.652    -0.807     2.551
0210400337_01   29.410536  -89.649731   -23.252      -0.485    -0.454    -0.395    -0.533
0210400338_01   29.713607  -89.523268   -23.417       6.171    -2.403     6.504    -1.264
0210400339_01   29.469036  -89.714349   -20.492      -0.196     0.645    -0.308     0.601
0210400340_01   29.478840  -89.587800   -19.957       0.102    -3.390     0.707    -3.319
0210400341_01   29.285861  -89.193683   -23.001       0.486    -0.208     0.516    -0.117
0210400343_01   29.625965  -89.727779   -28.158       0.423    -1.750     0.730    -1.647
0210400344_01   29.618635  -89.717098   -18.350      -0.338     0.474    -0.417     0.407
0210400345_01   29.106891  -89.265058   -23.000      -1.542    -4.701    -0.677    -4.902
0210400347_01   29.705073  -89.533124   -23.939      -0.553    -2.279    -0.137    -2.342
0210400348_01   29.761744  -89.529643   -24.857      -5.963     5.159    -6.791     4.015
0210400350_01   29.459089  -89.615448   -22.271       6.812    -2.006     7.065    -0.759
0210400352_01   29.705533  -89.714433   -26.817      -1.112    -0.048    -1.086    -0.245
0210400354_01   29.345557  -89.610325   -23.943      -2.303    -1.989    -1.911    -2.369
0210400355_01   29.265471  -89.152426   -24.000      -0.693     0.179    -0.713     0.052
0210400359_01   29.515734  -89.650648   -22.679       1.954    -2.947     2.451    -2.553
0210400360_01   29.127740  -89.165630   -20.000      -3.224     0.376    -3.240    -0.205
0210400363_01   29.228904  -89.436483   -21.195       2.321    -1.291     2.516    -0.856
0210400364_01   29.725112  -89.546664   -20.842      -2.336    -1.016    -2.117    -1.416
0210400367_01   29.569079  -89.691950   -25.630       0.736    -1.539     1.000    -1.384
0210400371_01   29.048630  -89.317068   -23.000      -0.960    -3.236    -0.366    -3.357
0210400376_01   29.292781  -89.346862   -23.000       3.000    -3.853     3.642    -3.257
0210400377_01   29.750187  -89.714086   -27.920       1.876    -3.394     2.454    -3.006
0210400378_01   29.618138  -89.751760   -21.271       2.032     1.642     1.708     1.979
0210400379_01   29.506703  -89.739437   -19.364      -4.022    -2.690    -3.477    -3.365
0210400380_01   29.625608  -89.656288   -18.156      -4.597     2.588    -4.988     1.728
0210400382_01   29.372984  -89.712755   -19.702       2.102     2.992     1.535     3.322
0210400383_01   29.599561  -89.697082   -17.424      -0.795     0.887    -0.941     0.731
0210400384_01   29.259774  -89.282292   -23.000       3.019    -5.170     3.896    -4.549
0210400385_01   29.709788  -89.455413   -25.176      -0.018    -2.677     0.462    -2.638
0210400386_01   29.225668  -89.251613   -22.000       0.960     0.678     0.824     0.839
0210400391_01   29.435641  -89.569399   -21.038       0.034     0.810    -0.111     0.804
0210400394_01   29.541617  -89.575486   -24.020       2.093     0.226     2.020     0.597
0210400397_01   29.337329  -89.258377   -22.000       1.655     2.646     1.156     2.900
0210400398_01   29.563053  -89.736026   -19.993       0.489    -0.093     0.499    -0.004
0210400399_01   29.312543  -89.345851   -24.000      -0.747     0.425    -0.811     0.286
0210400402_01   29.120750  -89.212653   -24.000       0.250     3.058    -0.300     3.055
0210400403_01   29.129176  -89.143161   -20.000       2.061     6.948     0.787     7.207
0210400404_01   29.304410  -89.187865   -22.000      -0.618    -1.707    -0.304    -1.790
0210400405_01   29.647055  -89.509674   -21.029       0.533     2.590     0.062     2.645
0210400408_01   29.731916  -89.586817   -21.558      -1.688     0.729    -1.791     0.417
0210400412_01   29.282399  -89.382212   -23.000       4.264     0.911     4.035     1.658
0210400413_01   29.264827  -89.191659   -26.000       3.263    -6.184     4.317    -5.503
0210400415_01   29.157428  -89.154535   -22.000      -3.416     3.502    -3.987     2.837
0210400416_01   29.094458  -89.198532   -24.000      -0.243     2.012    -0.598     1.937
0210400419_01   29.517723  -89.662125   -20.542      -3.414    -1.089    -3.165    -1.680
0210400421_01   29.595348  -89.717708   -19.095      -0.066    -0.608     0.044    -0.610
0210400423_01   29.155601  -89.265495   -21.000       1.115    -0.288     1.149    -0.084
0210400425_01   29.685321  -89.602666   -21.948       1.750     0.804     1.580     1.104
0210400426_01   29.420909  -89.589430   -21.892      -1.382     0.368    -1.426     0.116
0210400427_01   29.674060  -89.528639   -18.820       0.226    -0.054     0.233    -0.012
0210400428_01   29.755186  -89.530672   -26.225      -0.243     0.011    -0.241    -0.032
0210400429_01   29.763430  -89.676020   -22.258      -2.433     1.713    -2.700     1.253
0210400431_01   29.375988  -89.415897   -18.460      -2.983    -4.052    -2.211    -4.520
0210400432_01   29.397043  -89.562898   -27.670       3.600     1.191     3.331     1.816
0210400433_01   29.548213  -89.693246   -17.479      -1.937    -1.440    -1.648    -1.762
0210400434_01   29.055715  -89.183535   -23.000       1.869     2.293     1.430     2.591
0210400436_01   29.413271  -89.522170   -24.895       2.857     5.292     1.866     5.719
0210400438_01   29.732853  -89.648844   -16.046       2.460     1.578     2.140     1.992
0210400439_01   29.329560  -89.301448   -24.000      -0.792    -4.238    -0.022    -4.312
0210400440_01   29.345576  -89.329922   -23.000      -1.082     0.816    -1.210     0.610
0210400442_01   29.317028  -89.258548   -23.000       4.833     4.303     3.988     5.098
0210400444_01   29.125825  -89.281806   -23.000       0.105    -0.231     0.145    -0.208
0210400445_01   29.668128  -89.554828   -25.708       0.656    -1.012     0.827    -0.879
0210400446_01   29.214521  -89.138756   -22.000       4.149     5.616     3.079     6.269
0210400451_01   29.602965  -89.675481   -15.420       0.293     0.768     0.152     0.808
0210400454_01   29.038733  -89.212732   -24.000       2.921     3.452     2.258     3.920
0210400456_01   29.234424  -89.213547   -25.000       0.697    -0.747     0.820    -0.610
0210400457_01   29.413955  -89.542907   -20.729      -0.947     2.234    -1.331     2.030
0210400459_01   29.294711  -89.281822   -21.000      -2.115     1.542    -2.357     1.140
0210400460_01   29.638731  -89.659404   -15.194       1.694     0.136     1.644     0.437
0210400464_01   29.118775  -89.064340   -23.000       3.531     4.635     2.647     5.193
0210400466_01   29.311606  -89.306595   -24.000      -1.587    -1.233    -1.341    -1.497
0210400467_01   29.478312  -89.587484   -23.843      -0.725    -1.969    -0.361    -2.067
0210400468_01   29.658896  -89.666436   -17.645      -0.344     0.242    -0.381     0.178
0210400470_01   29.441299  -89.694138   -20.113       1.808     2.144     1.397     2.434
0210400471_01   29.203860  -89.244659   -24.000      -5.958    -6.639    -4.677    -7.598
0210400473_01   29.661960  -89.593728   -23.456      -1.865    -0.036    -1.829    -0.368
0210400475_01   29.348002  -89.283641   -23.000      -1.071     1.610    -1.341     1.393
0210400476_01   29.567473  -89.664649   -17.641      -3.507     1.020    -3.634     0.379
0210400477_01   29.526100  -89.689259   -18.642      -1.322    -0.926    -1.135    -1.147
0210400479_01   29.054735  -89.338466   -22.000       5.283    -1.914     5.543    -0.940
0210400483_01   29.189843  -89.191912   -24.000       6.702     3.361     5.996     4.505
0210400484_01   29.216087  -89.159453   -22.000       0.957    -5.385     1.904    -5.128
0210400485_01   28.951284  -89.402922   -22.000      -3.085    -0.835    -2.887    -1.373
0210400486_01   29.530343  -89.626252   -23.265       1.369    -2.082     1.720    -1.805
0210400487_01   29.083724  -89.176116   -25.000      -0.695    -0.188    -0.650    -0.309
0210400490_01   29.105241  -89.234201   -22.000      -0.407    -1.554    -0.123    -1.602
0210400493_01   29.624928  -89.633623   -13.135      -2.282     3.496    -2.870     3.035
0210400494_01   29.230042  -89.183201   -25.000       0.100    -2.982     0.631    -2.917
0210400496_01   29.088562  -89.260036   -22.000      -5.752    -1.904    -5.321    -2.901
0210400500_01   29.590965  -89.612026   -21.133       0.397     3.763    -0.281     3.776
0210400503_01   29.702155  -89.695155   -17.048      -0.352    -0.900    -0.185    -0.949
0210400504_01   29.547285  -89.658538   -14.469      -0.368     1.036    -0.547     0.954
0210400505_01   29.059613  -89.259094   -22.000      -0.423     2.107    -0.793     1.998
0210400506_01   29.482679  -89.627194   -22.826       0.523     0.186     0.482     0.277
0210400507_01   29.331263  -89.674892   -22.048      -1.392     1.608    -1.658     1.335
0210400508_01   29.239672  -89.318577   -24.000       2.089    -4.644     2.886    -4.198
0210400510_01   29.121143  -89.188920   -21.000       4.748    -4.977     5.562    -4.050
0210400511_01   29.179937  -89.151915   -22.000      -0.158    -1.194     0.058    -1.204
0210400512_01   29.439072  -89.642467   -23.527       1.368     1.280     1.119     1.504
0210400514_01   29.643679  -89.615847   -19.264      -1.809     0.786    -1.921     0.452
0210400517_01   29.521423  -89.584888   -26.614      -3.501     4.712    -4.288     4.014
0210400518_01   29.075238  -89.198430   -22.000      -1.427     3.705    -2.067     3.392
0210400520_01   29.456249  -89.553536   -21.813      -0.925     1.054    -1.098     0.873
0210400522_01   29.352749  -89.458296   -25.216       0.748     4.444    -0.058     4.509
0210400524_01   29.359090  -89.596223   -25.865      -2.920     0.079    -2.888    -0.443
0210400525_01   29.746021  -89.557112   -22.800      -2.669    -1.985    -2.272    -2.430
0210400528_01   29.499869  -89.675263   -19.365      -0.674     0.343    -0.724     0.218
0210400529_01   29.285739  -89.187467   -23.000       3.928    -5.140     4.785    -4.358
0210400530_01   29.243756  -89.155702   -23.000       0.960     0.462     0.862     0.626
0210400532_01   29.713960  -89.632856   -18.398       1.754    -1.057     1.916    -0.727
0210400534_01   29.139397  -89.197941   -24.000      -4.123    -4.164    -3.314    -4.834
0210400536_01   29.729677  -89.672331   -18.718       0.511     1.333     0.265     1.404
0210400537_01   29.032864  -89.156882   -24.000       2.880     5.558     1.841     5.985
0210400538_01   29.527802  -89.711258   -16.245       2.445    -1.853     2.739    -1.387
0210400539_01   29.373525  -89.645720   -25.471       3.028     4.360     2.202     4.833
0210400540_01   29.502716  -89.639754   -18.327       0.434    -1.547     0.705    -1.445
0210400541_01   29.097355  -89.300588   -23.000      -0.259     6.742    -1.460     6.590
0210400542_01   29.334455  -89.595930   -23.361      -1.349     2.368    -1.751     2.091
0210400545_01   29.454669  -89.578838   -20.301      -1.700    -0.264    -1.626    -0.563
0210400548_01   29.577829  -89.713851   -18.289       0.663     0.019     0.650     0.137
0210400550_01   29.726601  -89.525612   -22.832      -4.983     5.022    -5.802     4.055
0210400551_01   29.344415  -89.349971   -21.000       2.627    -1.685     2.887    -1.189
0210400554_01   29.329667  -89.646120   -22.373      -6.048     2.880    -6.468     1.756
0210400555_01   29.659489  -89.438410   -22.459      -3.429     6.206    -4.484     5.497
0210400557_01   29.398888  -89.783576   -23.888      -1.625     1.991    -1.955     1.671
0210400559_01   29.393336  -89.697509   -20.328      -6.558     1.845    -6.785     0.647
0210400561_01   29.364782  -89.479897   -25.105      -2.841    -0.518    -2.704    -1.016
0210400565_01   29.127153  -89.390968   -22.000      -2.111     1.331    -2.316     0.933
0210400566_01   29.386065  -89.441169   -26.851      -0.015     0.441    -0.093     0.432
0210400567_01   29.282494  -89.468049   -29.050      -1.715    -6.280    -0.565    -6.487
0210400568_01   29.574711  -89.571353   -22.786       4.290     6.816     3.005     7.476
0210400569_01   29.484373  -89.744755   -19.657       1.498     0.326     1.417     0.588
0210400570_01   29.585794  -89.654291   -15.886       3.692    -2.009     3.994    -1.318
0210400572_01   29.280637  -89.217927   -23.000       0.266    -4.114     0.997    -4.002
0210400575_01   29.464339  -89.609368   -16.587       4.680    -1.141     4.812    -0.287
0210400577_01   29.418776  -89.776384   -20.839       0.183     1.253    -0.043     1.266
0210400578_01   29.762711  -89.603426   -20.672      -1.941     0.574    -2.013     0.219
0210400579_01   29.402940  -89.743818   -22.059      -0.028     5.098    -0.938     5.015
0210400580_01   29.318889  -89.474440   -25.648       3.534    -4.237     4.237    -3.539
0210400581_01   29.732185  -89.473034   -14.915       6.920     4.710     5.969     5.871
0210400582_01   29.680141  -89.699523   -18.048       0.318    -1.272     0.541    -1.195
0210400583_01   29.027095  -89.325216   -20.000       1.542    -1.802     1.841    -1.498
0210400585_01   29.371650  -89.752840   -16.963       2.302    -0.410     2.340     0.007
0210400587_01   29.395704  -89.673466   -21.764      -1.920     0.096    -1.907    -0.247
0210400588_01   29.080815  -89.221658   -24.000      -1.965     6.633    -3.119     6.177
0210400589_01   29.211835  -89.188061   -22.000      -6.179    -1.167    -5.873    -2.252
0210400591_01   29.264207  -89.414829   -27.397       1.976     1.699     1.641     2.025
0210400593_01   29.648489  -89.712635   -19.070       0.709     0.447     0.619     0.567
0210400594_01   29.417821  -89.566812   -24.203      -1.876    -0.819    -1.699    -1.141
0210400595_01   29.420784  -89.636732   -21.707       0.111    -0.370     0.176    -0.343
0210400596_01   29.538637  -89.602956   -25.876       1.818    -3.120     2.348    -2.746
0210400598_01   29.313959  -89.279795   -21.000      -3.013    -0.887    -2.807    -1.410
0210400600_01   29.421528  -89.708759   -18.300       1.158     1.453     0.881     1.637
0210400601_01   29.298867  -89.212764   -24.000       3.315    -0.118     3.284     0.476
0210400602_01   29.319737  -89.710084   -19.115       0.024     1.420    -0.230     1.403
0210400603_01   29.317703  -89.436768   -30.138      -4.080     3.730    -4.683     2.944
0210400604_01   29.693334  -89.510536   -25.768      -1.106     4.135    -1.828     3.873
0210400605_01   29.648617  -89.639199   -19.487       0.147    -2.142     0.529    -2.082
0210400606_01   29.466741  -89.733456   -17.049       1.912     0.288     1.831     0.625
0210400607_01   29.459217  -89.757685   -21.275      -0.004    -1.804     0.320    -1.776
0210400608_01   29.242972  -89.422657   -26.482      -0.448     1.421    -0.694     1.319
0210400610_01   29.312996  -89.668235   -25.640      -6.613     4.266    -7.273     3.020
0210400611_01   29.068313  -89.289173   -18.000       1.637     0.569     1.510     0.852
0210400613_01   29.396365  -89.584174   -22.806       6.541     1.145     6.234     2.295
0210400615_01   29.156676  -89.132936   -26.000       0.490    -0.629     0.595    -0.531
0210400618_01   29.260001  -89.511629   -23.645       1.591     1.764     1.251     2.021
0210400619_01   29.690321  -89.454358   -24.309       0.156    -0.403     0.226    -0.368
0210400622_01   29.350194  -89.648509   -22.594      -1.877     2.597    -2.312     2.222
0210400623_01   29.242978  -89.481880   -18.854      -0.530     1.928    -0.866     1.804
0210400624_01   29.437027  -89.664650   -22.944      -1.507     0.492    -1.571     0.216
0210400626_01   29.440243  -89.772327   -21.274       1.205     1.591     0.902     1.782
0210400627_01   29.421449  -89.685876   -16.923       0.133     2.011    -0.228     2.004
0210400628_01   29.292715  -89.527577   -30.693       4.293    -0.048     4.235     0.720
0210400629_01   29.484924  -89.650750   -21.222       0.236    -0.771     0.370    -0.716
0210400631_01   29.438847  -89.721888   -18.058      -0.513     0.640    -0.619     0.539
0210400633_01   29.343427  -89.716578   -18.615       0.920     1.811     0.583     1.948
0210400634_01   29.308391  -89.614711   -22.344       0.392     1.952     0.037     1.992
0210400635_01   29.441921  -89.742998   -17.541       1.306     1.233     1.066     1.447
0210400636_01   29.662422  -89.692864   -17.915       0.917     0.988     0.726     1.137
0220390291_01   29.515373  -89.726439    -6.496      -5.396    -1.922    -4.967    -2.854
0220390442_01   29.515908  -89.767603   -16.041       0.701     0.944     0.522     1.055
0220390458_01   29.496227  -89.694304   -16.016       3.893    -1.508     4.103    -0.789
0220390654_01   29.395465  -89.478301   -29.965      -0.279    -5.585     0.724    -5.547
0220390655_01   29.731855  -89.608513   -23.801      -2.003    -2.296    -1.561    -2.617
0220390664_01   29.607064  -89.777708   -18.016      -1.255     0.780    -1.374     0.545
0220390666_01   29.563009  -89.736082   -21.770       3.525    -1.808     3.794    -1.150
0220390672_01   29.618542  -89.717276   -18.090      -1.237    -1.298    -0.985    -1.498
0220390684_01   29.281646  -89.441192   -33.445       3.970     1.933     3.563     2.612
0220400027_01   29.382236  -89.595215   -24.489      -2.764    -2.059    -2.352    -2.520
0220400081_01   29.496231  -89.694010   -19.781      -0.077    -0.372    -0.009    -0.379
0220400108_01   29.390874  -89.788225   -31.927       1.494    -1.773     1.789    -1.478
0220400133_01   29.515906  -89.767567   -17.990      -0.543    -1.205    -0.318    -1.283
0220400146_01   29.463099  -89.623143   -21.129       2.910    -4.696     3.705    -4.104
0220400197_01   29.552146  -89.790842   -22.031       2.813    -5.946     3.834    -5.352
0220400212_01   29.404186  -89.607766   -23.084      -5.781    -1.349    -5.449    -2.359
0220400250_01   29.369349  -89.750879   -20.319       1.949     1.419     1.666     1.745
0220400330_01   29.536509  -89.736616   -16.704       5.110     1.593     4.746     2.480
0220400349_01   29.418151  -89.567207   -24.960      -3.290    -2.038    -2.873    -2.593
0220400389_01   29.401269  -89.751540   -16.973       2.932     3.694     2.226     4.161
0220400403_01   29.537561  -89.712482   -14.950      -6.171     1.075    -6.266    -0.042
0220400411_01   29.460290  -89.558334   -21.118      -2.536    -0.944    -2.327    -1.382
0220400485_01   29.431703  -89.539803   -20.026       1.984     6.292     0.829     6.548
0220400537_01   29.563012  -89.714749   -19.993       0.395    -5.156     1.312    -5.005
0220400539_01   29.380121  -89.781169   -16.495      -2.424     0.707    -2.512     0.265
0220400578_01   29.498002  -89.657464   -21.795      -1.347    -3.885    -0.631    -4.064
0220400632_01   29.592493  -89.779735   -20.008      -1.374    -3.639    -0.701    -3.827
0220400635_01   29.331244  -89.674954   -23.422       0.850     2.644     0.364     2.755
