==============================================================================
==============================================================================
Mon. Aug. 24 2020                  LANDSAT 5                       Time: 20:23
                            Image Assessment System
                            GEOMETRIC VERIFY Report
==============================================================================
Order ID: L2                          Path / Row - 21 / 40
Reference Image: terrain_HDF.l1g

Color mapping per rank
----------------------
Rank  1 is Green: total residual <= 0.5
Rank  2 is Cyan: 0.5 < total residual <=  1
Rank  3 is Blue:  1 < total residual <=  2
Rank  4 is Yellow:  2 < total residual <=  3
Rank  5 is Red:  3 < total residual

Percentage of residuals by rank
-------------------------------
Rank   1 -- 100.0%
Rank   2 --  0.0%
Rank   3 --  0.0%
Rank   4 --  0.0%
Rank   5 --  0.0%

       GCP    Latitude    Longitude  Sample   Line     Total    Rank
        ID                           Residual Residual Residual
              (Degree)    (Degree)   (Pixel)  (Pixel)  (Pixel)
----------------------------------------------------------------------
0210400016   29.78569    -89.70656     0.10     -0.02     0.10     1 
0210400017   29.78636    -89.67369     0.03     -0.10     0.11     1 
0210400091   29.76027    -89.70587    -0.01     -0.12     0.12     1 
0210400092   29.76094    -89.67302     0.09      0.01     0.09     1 
0210400094   29.76225    -89.60730     0.09      0.04     0.10     1 
0210400096   29.76353    -89.54158     0.25     -0.10     0.27     1 
0210400165   29.73417    -89.73804     0.39      0.16     0.42     1 
0210400166   29.73485    -89.70519     0.00      0.03     0.03     1 
0210400167   29.73552    -89.67234    -0.01      0.01     0.01     1 
0210400240   29.70875    -89.73735     0.12      0.18     0.22     1 
0210400241   29.70943    -89.70451     0.04      0.07     0.08     1 
0210400242   29.71009    -89.67167     0.02      0.05     0.05     1 
0210400243   29.71075    -89.63883     0.02     -0.05     0.05     1 
0210400244   29.71140    -89.60599    -0.04     -0.11     0.12     1 
0210400245   29.71204    -89.57314    -0.12     -0.35     0.37     1 
0210400246   29.71268    -89.54030    -0.04     -0.18     0.18     1 
0210400248   29.71392    -89.47461    -0.07     -0.13     0.15     1 
0210400315   29.68333    -89.73666     0.03      0.06     0.07     1 
0210400316   29.68400    -89.70383     0.03     -0.00     0.03     1 
0210400317   29.68467    -89.67100    -0.02      0.02     0.03     1 
0210400318   29.68533    -89.63816     0.03      0.05     0.06     1 
0210400319   29.68598    -89.60533    -0.09     -0.16     0.19     1 
0210400321   29.68725    -89.53966    -0.02     -0.28     0.28     1 
0210400325   29.68971    -89.40831    -0.38     -0.23     0.44     1 
0210400390   29.65791    -89.73597     0.01      0.05     0.05     1 
0210400391   29.65858    -89.70315     0.00     -0.05     0.05     1 
0210400392   29.65925    -89.67032     0.00     -0.01     0.01     1 
0210400393   29.65990    -89.63750     0.09     -0.17     0.19     1 
0210400394   29.66055    -89.60468    -0.11     -0.04     0.12     1 
0210400395   29.66120    -89.57185    -0.31     -0.21     0.37     1 
0210400396   29.66183    -89.53902    -0.09     -0.18     0.20     1 
0210400465   29.63249    -89.73528     0.04      0.09     0.10     1 
0210400466   29.63316    -89.70247     0.02      0.06     0.06     1 
0210400467   29.63382    -89.66965     0.00      0.09     0.09     1 
0210400469   29.63513    -89.60402    -0.22     -0.25     0.33     1 
0210400491   29.64735    -88.88180     0.12      0.06     0.14     1 
0210400539   29.60638    -89.76740     0.02      0.08     0.09     1 
0210400540   29.60706    -89.73459     0.01      0.01     0.02     1 
0210400541   29.60774    -89.70179    -0.07      0.08     0.10     1 
0210400542   29.60840    -89.66898    -0.06     -0.12     0.13     1 
0210400543   29.60906    -89.63617    -0.09     -0.19     0.21     1 
0210400614   29.58096    -89.76671    -0.05      0.15     0.15     1 
0210400615   29.58164    -89.73391    -0.01      0.02     0.02     1 
0210400616   29.58231    -89.70111     0.02     -0.02     0.02     1 
0210400617   29.58298    -89.66831     0.03     -0.19     0.19     1 
0210400619   29.58428    -89.60271    -0.21     -0.33     0.39     1 
0210400621   29.58555    -89.53711    -0.17     -0.22     0.28     1 
0210400690   29.55622    -89.73322    -0.03      0.04     0.05     1 
0210400691   29.55689    -89.70043     0.01     -0.05     0.05     1 
0210400692   29.55755    -89.66764     0.06     -0.11     0.12     1 
0210400693   29.55821    -89.63485     0.05     -0.25     0.26     1 
0210400764   29.53012    -89.76532    -0.06     -0.13     0.14     1 
0210400765   29.53080    -89.73254    -0.06     -0.07     0.09     1 
0210400766   29.53147    -89.69976     0.02      0.03     0.03     1 
0210400767   29.53213    -89.66698     0.15     -0.07     0.16     1 
0210400768   29.53279    -89.63419    -0.09      0.11     0.14     1 
0210400769   29.53343    -89.60141     0.07     -0.13     0.15     1 
0210400839   29.50470    -89.76463    -0.07      0.10     0.12     1 
0210400840   29.50538    -89.73186     0.08      0.09     0.12     1 
0210400841   29.50605    -89.69908    -0.07     -0.03     0.08     1 
0210400842   29.50671    -89.66631    -0.17     -0.05     0.18     1 
0210400843   29.50736    -89.63353     0.07     -0.13     0.15     1 
0210400844   29.50801    -89.60076     0.09     -0.35     0.36     1 
0210400913   29.47859    -89.79670    -0.03      0.09     0.10     1 
0210400914   29.47928    -89.76394    -0.09      0.14     0.17     1 
0210400915   29.47995    -89.73117    -0.03      0.09     0.10     1 
0210400916   29.48062    -89.69841     0.02      0.05     0.05     1 
0210400918   29.48194    -89.63288    -0.05      0.07     0.08     1 
0210400919   29.48258    -89.60011     0.02     -0.18     0.18     1 
0210400988   29.45317    -89.79600    -0.08      0.04     0.09     1 
0210400989   29.45386    -89.76325     0.05      0.06     0.08     1 
0210400990   29.45453    -89.73049    -0.04      0.02     0.05     1 
0210400991   29.45520    -89.69773    -0.05     -0.03     0.06     1 
0210400992   29.45586    -89.66498     0.04      0.13     0.13     1 
0210400995   29.45779    -89.56670    -0.05      0.01     0.05     1 
0210401063   29.42775    -89.79530    -0.04      0.12     0.13     1 
0210401064   29.42843    -89.76256    -0.04      0.13     0.14     1 
0210401065   29.42911    -89.72981    -0.06      0.06     0.08     1 
0210401066   29.42978    -89.69706    -0.02      0.02     0.03     1 
0210401067   29.43044    -89.66431    -0.07      0.12     0.13     1 
0210401068   29.43109    -89.63156     0.04     -0.11     0.12     1 
0210401069   29.43173    -89.59881    -0.05     -0.03     0.06     1 
0210401070   29.43237    -89.56606    -0.00     -0.02     0.03     1 
0210401071   29.43299    -89.53330    -0.03     -0.14     0.14     1 
0210401139   29.40301    -89.76187    -0.10      0.04     0.11     1 
0210401140   29.40369    -89.72913    -0.18      0.14     0.23     1 
0210401141   29.40435    -89.69639    -0.03      0.05     0.05     1 
0210401142   29.40501    -89.66365    -0.02      0.07     0.07     1 
0210401143   29.40566    -89.63091    -0.06      0.05     0.08     1 
0210401145   29.40694    -89.56542     0.02     -0.07     0.07     1 
0210401146   29.40757    -89.53267     0.01     -0.10     0.10     1 
0210401214   29.37759    -89.76118    -0.06      0.28     0.29     1 
0210401216   29.37893    -89.69572    -0.15     -0.12     0.20     1 
0210401217   29.37959    -89.66299    -0.06     -0.07     0.09     1 
0210401218   29.38024    -89.63025    -0.29      0.12     0.31     1 
0210401219   29.38088    -89.59752     0.02     -0.03     0.04     1 
0210401221   29.38214    -89.53204     0.08      0.08     0.11     1 
0210401222   29.38276    -89.49930     0.11      0.09     0.14     1 
0210401223   29.38337    -89.46657    -0.08     -0.14     0.16     1 
0210401224   29.38397    -89.43382     0.10      0.05     0.11     1 
0210401225   29.38456    -89.40108     0.33     -0.29     0.44     1 
0210401228   29.38630    -89.30285     0.04     -0.18     0.19     1 
0210401287   29.35080    -89.82594     0.00      0.28     0.28     1 
0210401289   29.35217    -89.76050     0.15     -0.03     0.16     1 
0210401290   29.35284    -89.72777    -0.05      0.10     0.11     1 
0210401291   29.35351    -89.69505     0.04      0.04     0.06     1 
0210401292   29.35416    -89.66232     0.01      0.10     0.10     1 
0210401293   29.35481    -89.62960     0.06     -0.15     0.16     1 
0210401294   29.35545    -89.59687    -0.06      0.09     0.11     1 
0210401298   29.35794    -89.46595    -0.13     -0.11     0.17     1 
0210401301   29.35972    -89.36775    -0.02     -0.04     0.05     1 
0210401302   29.36030    -89.33502     0.05     -0.04     0.06     1 
0210401303   29.36087    -89.30228    -0.07     -0.02     0.08     1 
0210401304   29.36143    -89.26954     0.32     -0.27     0.42     1 
0210401363   29.32606    -89.79252    -0.02      0.07     0.07     1 
0210401364   29.32674    -89.75981     0.01      0.06     0.06     1 
0210401365   29.32742    -89.72710    -0.04      0.05     0.06     1 
0210401366   29.32808    -89.69438     0.02      0.06     0.06     1 
0210401367   29.32874    -89.66166    -0.05     -0.04     0.06     1 
0210401368   29.32939    -89.62895    -0.06     -0.10     0.11     1 
0210401369   29.33003    -89.59623    -0.33      0.17     0.37     1 
0210401370   29.33066    -89.56351    -0.38      0.12     0.40     1 
0210401371   29.33129    -89.53078    -0.05      0.03     0.05     1 
0210401376   29.33429    -89.36716    -0.15      0.12     0.19     1 
0210401377   29.33487    -89.33444    -0.01     -0.01     0.01     1 
0210401378   29.33544    -89.30171    -0.01      0.06     0.06     1 
0210401379   29.33600    -89.26898    -0.05      0.05     0.07     1 
0210401381   29.33709    -89.20352     0.35      0.21     0.40     1 
0210401443   29.30396    -89.62829    -0.07      0.41     0.41     1 
0210401444   29.30460    -89.59558    -0.11     -0.17     0.20     1 
0210401446   29.30586    -89.53016    -0.00      0.04     0.04     1 
0210401448   29.30708    -89.46473    -0.04     -0.04     0.06     1 
0210401449   29.30768    -89.43201    -0.11      0.37     0.39     1 
0210401452   29.30944    -89.33386    -0.17     -0.16     0.23     1 
0210401453   29.31000    -89.30114     0.02      0.06     0.06     1 
0210401454   29.31057    -89.26842    -0.04     -0.00     0.04     1 
0210401455   29.31112    -89.23569     0.18      0.05     0.18     1 
0210401456   29.31166    -89.20297    -0.07     -0.09     0.12     1 
0210401519   29.27918    -89.59494    -0.19      0.05     0.20     1 
0210401523   29.28166    -89.46412    -0.03      0.00     0.03     1 
0210401524   29.28225    -89.43141    -0.06     -0.02     0.07     1 
0210401526   29.28343    -89.36599    -0.04     -0.00     0.04     1 
0210401527   29.28401    -89.33328    -0.02     -0.03     0.03     1 
0210401528   29.28457    -89.30057     0.09     -0.02     0.10     1 
0210401529   29.28513    -89.26785     0.06      0.03     0.07     1 
0210401530   29.28568    -89.23514     0.00      0.14     0.14     1 
0210401531   29.28623    -89.20242     0.13      0.04     0.14     1 
0210401532   29.28676    -89.16971    -0.23      0.19     0.29     1 
0210401595   29.25438    -89.56160     0.08     -0.16     0.18     1 
0210401596   29.25501    -89.52890     0.07      0.29     0.30     1 
0210401597   29.25562    -89.49621    -0.05      0.09     0.10     1 
0210401598   29.25623    -89.46351    -0.05      0.05     0.07     1 
0210401599   29.25683    -89.43081    -0.11      0.14     0.18     1 
0210401600   29.25742    -89.39811    -0.03      0.15     0.15     1 
0210401601   29.25800    -89.36540    -0.05      0.11     0.12     1 
0210401602   29.25857    -89.33270    -0.29     -0.18     0.35     1 
0210401603   29.25914    -89.30000     0.05     -0.02     0.05     1 
0210401604   29.25970    -89.26729     0.11      0.08     0.14     1 
0210401605   29.26025    -89.23458     0.01      0.05     0.05     1 
0210401606   29.26079    -89.20188     0.01     -0.09     0.09     1 
0210401673   29.23080    -89.46290    -0.01      0.12     0.12     1 
0210401674   29.23140    -89.43021    -0.03      0.05     0.06     1 
0210401675   29.23199    -89.39751    -0.12      0.06     0.14     1 
0210401676   29.23257    -89.36482    -0.10      0.14     0.18     1 
0210401677   29.23314    -89.33212    -0.20      0.06     0.21     1 
0210401678   29.23371    -89.29943     0.05      0.10     0.11     1 
0210401679   29.23427    -89.26673     0.24      0.11     0.26     1 
0210401680   29.23482    -89.23403    -0.12      0.29     0.32     1 
0210401681   29.23536    -89.20133    -0.05      0.12     0.13     1 
0210401682   29.23589    -89.16863    -0.11     -0.37     0.39     1 
0210401685   29.23745    -89.07053     0.06     -0.34     0.34     1 
0210401749   29.20597    -89.42960     0.03      0.06     0.07     1 
0210401750   29.20656    -89.39692    -0.12     -0.01     0.12     1 
0210401754   29.20884    -89.26617    -0.04      0.26     0.27     1 
0210401755   29.20939    -89.23348    -0.13      0.37     0.39     1 
0210401756   29.20993    -89.20079     0.00     -0.05     0.05     1 
0210401757   29.21046    -89.16810    -0.26     -0.09     0.28     1 
0210401820   29.17810    -89.55970    -0.33     -0.06     0.33     1 
0210401824   29.18054    -89.42901    -0.07      0.25     0.25     1 
0210401826   29.18171    -89.36365     0.00      0.05     0.05     1 
0210401829   29.18340    -89.26561    -0.02      0.02     0.03     1 
0210401830   29.18395    -89.23293     0.08     -0.06     0.10     1 
0210401832   29.18503    -89.16756     0.37     -0.23     0.44     1 
0210401833   29.18555    -89.13488     0.26     -0.34     0.43     1 
0210401835   29.18658    -89.06951     0.02     -0.13     0.13     1 
0210401900   29.15570    -89.39574    -0.09      0.01     0.09     1 
0210401901   29.15628    -89.36307     0.32      0.06     0.33     1 
0210401902   29.15685    -89.33040     0.22      0.06     0.23     1 
0210401904   29.15797    -89.26505    -0.02      0.04     0.04     1 
0210401907   29.15959    -89.16703    -0.22      0.22     0.31     1 
0210401908   29.16012    -89.13435    -0.04     -0.09     0.10     1 
0210401975   29.13027    -89.39515    -0.14      0.11     0.17     1 
0210401978   29.13198    -89.29716    -0.06     -0.03     0.06     1 
0210401979   29.13254    -89.26449    -0.08      0.14     0.16     1 
0210401981   29.13363    -89.19916     0.00      0.01     0.01     1 
0210401982   29.13416    -89.16649     0.03      0.16     0.16     1 
0210401983   29.13468    -89.13383    -0.07      0.12     0.14     1 
0210401984   29.13520    -89.10116    -0.01     -0.19     0.19     1 
0210402053   29.10655    -89.29659    -0.13     -0.20     0.24     1 
0210402054   29.10711    -89.26394     0.00     -0.07     0.07     1 
0210402055   29.10765    -89.23128     0.03     -0.15     0.15     1 
0210402056   29.10819    -89.19862    -0.14      0.07     0.15     1 
0210402057   29.10872    -89.16596    -0.12     -0.04     0.13     1 
0210402060   29.11027    -89.06798    -0.34      0.05     0.35     1 
0210402128   29.08112    -89.29603    -0.04      0.04     0.06     1 
0210402129   29.08167    -89.26338     0.09     -0.04     0.10     1 
0210402130   29.08222    -89.23073     0.05      0.02     0.05     1 
0210402131   29.08276    -89.19808    -0.18     -0.19     0.26     1 
0210402132   29.08329    -89.16543    -0.13     -0.21     0.25     1 
0210402202   29.05512    -89.32810     0.40      0.18     0.43     1 
0210402203   29.05569    -89.29546    -0.12     -0.03     0.12     1 
0210402213   29.06087    -88.96902    -0.26      0.12     0.29     1 
0210402276   29.02912    -89.36016    -0.11      0.08     0.14     1 
0210402277   29.02969    -89.32753    -0.14     -0.04     0.15     1 
0210402281   29.03189    -89.19700     0.21      0.04     0.21     1 
0210402282   29.03242    -89.16437    -0.10     -0.06     0.11     1 
0210402289   29.03591    -88.93590     0.01     -0.01     0.02     1 
0210402336   28.99421    -89.84881    -0.12     -0.23     0.26     1 
0210402351   29.00369    -89.35959    -0.17      0.30     0.35     1 
0210402357   29.00699    -89.16384    -0.07      0.04     0.08     1 
0210402421   28.97530    -89.52207    -0.06      0.12     0.13     1 
0210402426   28.97826    -89.35901    -0.12      0.11     0.16     1 
0210402491   28.94671    -89.68444    -0.04     -0.06     0.07     1 
0210402500   28.95225    -89.39104    -0.23     -0.07     0.24     1 
0210402643   28.89715    -89.61797    -0.25     -0.10     0.27     1 
----------------------------------------------------------------------
---------------------------------------------------
Total correlated GCPs in Upper Left Quadrant: 222

GCP statistics this quadrant only (in Pixels)
Line residual statistics:
  Mean: -0.024
  Median: -0.030
  Standard Deviation: 0.125

Sample residual statistics:
  Mean: 0.000
  Median: 0.023
  Standard Deviation: 0.138

Quadrant RMSE: 0.188

---------------------------------------------------
Total correlated GCPs in Upper Right Quadrant: 1

GCP statistics this quadrant only (in Pixels)
Line residual statistics:
  Mean: 0.009
  Median: 0.009
  Standard Deviation: 0.000

Sample residual statistics:
  Mean: -0.014
  Median: -0.014
  Standard Deviation: 0.000

Quadrant RMSE: 0.017

---------------------------------------------------
Total correlated GCPs in Lower Left Quadrant: 2

GCP statistics this quadrant only (in Pixels)
Line residual statistics:
  Mean: -0.146
  Median: -0.146
  Standard Deviation: 0.108

Sample residual statistics:
  Mean: -0.080
  Median: -0.080
  Standard Deviation: 0.024

Quadrant RMSE: 0.199

---------------------------------------------------
Total correlated GCPs in Lower Right Quadrant: 0

GCP statistics this quadrant only (in Pixels)
Line residual statistics:
  Mean: 0.000
  Median: 0.000
  Standard Deviation: 0.000

Sample residual statistics:
  Mean: 0.000
  Median: 0.000
  Standard Deviation: 0.000

Quadrant RMSE: 0.000

---------------------------------------------------
---------------------------------------------------
Total correlated GCPs in scene: 225

GCP statistics entire scene (in Pixels)
Line residual statistics:
  Mean: -0.025
  Median: -0.032
  Standard Deviation: 0.125

Sample residual statistics:
  Mean: -0.000
  Median: 0.020
  Standard Deviation: 0.137

Scene RMSE: 0.187

