Tue. Aug. 25, 2020             LANDSAT 5                 Time: 00:12
                         Image Assessment System
                           GCP Residual Report
----------------------------------------------------------------------------
WOID: L2            Path/Row: 021 / 040

L0R Reference Image: L51GNC1010097160101_HDF.202250957
Acquisition Date: Apr 07, 2010

Band Number:  5

GLS date for each WRS-2 path/row used:
Path  Row   Date
021   039   10-15-2001, 01-31-2015
021   040   10-15-2001, 11-15-2015
022   039   09-17-2000, 11-22-2015
022   040   10-01-1999, 02-07-2015


Point_ID         Latitude  Longitude    Height       Across    Along    Residual  Residual
                                                      Scan      Scan      In y      in x
                                                    Residual  Residual    dir       dir
                   (deg)     (deg)     (meters)     (meters)  (meters)  (meters)  (meters)

0210390409_01   29.663223  -89.462943   -24.497      -0.248    -5.634     0.764    -5.590
0210390415_01   29.662532  -89.552805   -22.548       0.971    -3.185     1.526    -2.962
0210390427_01   29.663060  -89.581971   -24.949       0.233    -0.965     0.402    -0.909
0210390442_01   29.672581  -89.634515   -22.413      -5.179     6.347    -6.234     5.323
0210390621_01   29.718997  -89.540370   -34.281       1.736     3.682     1.050     3.935
0210390634_01   29.647870  -89.510320   -21.394       0.939     1.828     0.597     1.967
0210400001_01   29.405180  -89.780319   -20.207      -2.355    -0.814    -2.173    -1.222
0210400002_01   29.541171  -89.733890   -19.107      -1.996    -3.683    -1.306    -3.982
0210400006_01   29.179852  -89.256468   -22.000      -4.431     2.087    -4.735     1.262
0210400011_01   29.210787  -89.247512   -25.000       3.870    -4.475     4.610    -3.713
0210400025_01   29.370556  -89.534121   -31.626       5.489     4.679     4.566     5.586
0210400026_01   29.236861  -89.275616   -23.000      -6.078     3.877    -6.676     2.729
0210400034_01   29.272103  -89.351709   -21.335       6.428    -3.679     6.985    -2.472
0210400035_01   29.230477  -89.408437   -25.000       1.457     2.854     0.923     3.070
0210400036_01   29.062731  -89.218492   -24.000      -1.445     0.084    -1.437    -0.176
0210400038_01   29.113404  -89.114168   -24.000      -0.219     4.303    -0.985     4.195
0210400040_01   29.496497  -89.694032   -16.110       2.764    -0.344     2.783     0.155
0210400043_01   29.053618  -89.307960   -21.461      -1.282     5.213    -2.195     4.902
0210400044_01   29.323288  -89.304973   -21.344       3.823    -3.579     4.403    -2.839
0210400049_01   29.437827  -89.625172   -25.556      -2.094     2.542    -2.516     2.128
0210400051_01   29.237441  -89.225293   -24.020       4.378    -5.474     5.288    -4.605
0210400052_01   29.320394  -89.269174   -23.000       1.478     1.790     1.134     2.026
0210400055_01   29.380519  -89.781419   -24.662      -0.168    -5.164     0.759    -5.114
0210400058_01   29.160321  -89.190595   -24.000      -0.155    -5.852     0.894    -5.787
0210400061_01   29.300217  -89.309728   -21.073      -3.283     3.373    -3.834     2.733
0210400063_01   29.027592  -89.325818   -20.249       1.267    -3.438     1.862    -3.158
0210400068_01   29.124257  -89.217971   -24.000       2.960     1.981     2.559     2.479
0210400069_01   29.662945  -89.462921   -26.525      -0.054    -6.648     1.136    -6.553
0210400071_01   29.515204  -89.692698   -21.966       0.060    -0.725     0.189    -0.703
0210400073_01   29.056513  -89.342404   -22.000      -6.589    -2.569    -6.025    -3.707
0210400074_01   29.467639  -89.687708   -16.561       1.980    -3.155     2.514    -2.752
0210400076_01   29.091181  -89.266230   -21.081      -6.638    -6.684    -5.338    -7.766
0210400077_01   29.298449  -89.250721   -23.000      -2.422     3.107    -2.939     2.625
0210400083_01   29.663055  -89.581965   -24.968       0.463    -1.279     0.685    -1.176
0210400085_01   29.537554  -89.712444   -15.978      -1.627     0.489    -1.689     0.191
0210400087_01   29.073068  -89.264610   -22.636      -4.064    -2.725    -3.513    -3.409
0210400094_01   29.255857  -89.255917   -24.000      -3.977     0.188    -3.947    -0.526
0210400096_01   29.481343  -89.774984   -23.072      -2.299     0.452    -2.344     0.034
0210400097_01   29.573631  -89.762589   -35.687      -4.119     5.422    -5.026     4.602
0210400104_01   29.350734  -89.407174   -34.478      -0.489    -2.018    -0.120    -2.073
0210400106_01   29.487569  -89.667796   -29.407      -0.955     0.010    -0.942    -0.161
0210400109_01   29.128017  -89.165563   -21.920      -3.075    -1.964    -2.675    -2.483
0210400112_01   29.662528  -89.552807   -21.923       0.948    -2.888     1.450    -2.674
0210400118_01   29.129081  -89.136438   -22.000      -1.620     6.944    -2.837     6.545
0210400120_01   29.369608  -89.392887   -22.038      -2.464    -3.228    -1.848    -3.617
0210400121_01   29.577026  -89.727722   -20.968      -2.407    -1.866    -2.035    -2.266
0210400122_01   29.199607  -89.053295   -23.000       1.883     0.556     1.754     0.884
0210400125_01   29.097548  -89.141973   -20.975       1.469    -4.731     2.292    -4.394
0210400126_01   29.452655  -89.586242   -16.119       0.952    -0.605     1.045    -0.425
0210400128_01   29.068035  -89.288216   -18.978       1.567    -0.633     1.656    -0.343
0210400137_01   29.672582  -89.634521   -23.943      -5.039     6.847    -6.186     5.840
0210400138_01   29.572571  -89.705636   -19.180       1.639    -3.521     2.244    -3.173
0210400139_01   29.477027  -89.612830   -25.360      -1.439    -0.038    -1.409    -0.295
0210400142_01   29.451570  -89.666272   -23.144       1.600     0.971     1.401     1.242
0210400147_01   29.146990  -89.161729   -25.000      -0.751     1.877    -1.075     1.713
0210400153_01   29.662833  -89.462669   -20.205      -2.695    -0.006    -2.652    -0.488
0210400155_01   29.013433  -89.167281   -21.105       2.371     6.438     1.181     6.760
0210400160_01   29.697467  -89.434057   -17.968      -1.846     2.359    -2.239     1.993
0210400162_01   29.301525  -89.278880   -23.228       1.530    -1.277     1.734    -0.984
0210400163_01   29.405097  -89.608178   -21.396      -3.087    -1.263    -2.813    -1.795
0210400166_01   29.392660  -89.547373   -22.880       1.803     2.973     1.242     3.249
0210400169_01   29.367693  -89.304824   -21.943       3.355     3.716     2.638     4.257
0210400170_01   29.484606  -89.745053   -18.829       4.485    -0.105     4.434     0.697
0210400176_01   29.644675  -89.739134   -24.067       5.032     5.817     3.912     6.625
0210400178_01   29.331837  -89.776455   -20.614       4.336    -1.759     4.584    -0.957
0210400179_01   29.511359  -89.600844   -20.651       1.722     4.761     0.843     4.994
0210400181_01   29.483446  -89.644825   -25.199      -2.675    -0.678    -2.512    -1.145
0210400183_01   29.608750  -89.723641   -17.990      -2.986    -6.906    -1.703    -7.332
0210400184_01   29.669133  -89.734852   -20.453      -6.327     4.299    -6.998     3.102
0210400185_01   29.364191  -89.584674   -27.040      -1.746     4.413    -2.508     4.033
0210400189_01   29.146555  -89.174346   -25.000       1.823    -1.184     2.006    -0.839
0210400194_01   29.342958  -89.311400   -21.319       1.705     4.792     0.820     5.021
0210400199_01   29.270333  -89.154693   -23.073       1.329     2.870     0.794     3.062
0210400204_01   29.426689  -89.693454   -18.634       1.077     2.328     0.644     2.484
0210400208_01   29.541535  -89.754008   -21.324       3.448    -1.242     3.617    -0.607
0210400213_01   29.382293  -89.455657   -24.374       1.476     4.581     0.633     4.773
0210400215_01   29.340113  -89.485543   -18.875      -6.644     6.202    -7.650     4.917
0210400216_01   29.717349  -89.546210   -25.105       4.577    -3.109     5.061    -2.243
0210400218_01   29.307640  -89.217231   -24.339      -1.763    -2.361    -1.312    -2.639
0210400221_01   29.136165  -89.196622   -22.579      -0.132    -1.442     0.128    -1.443
0210400227_01   29.181154  -89.122395   -23.045       0.495     0.189     0.454     0.275
0210400230_01   29.257292  -89.553544   -24.133       0.897     3.097     0.329     3.209
0210400232_01   29.730642  -89.665271   -18.792       2.711     2.867     2.156     3.306
0210400233_01   29.380252  -89.781208   -18.278      -0.190    -3.791     0.492    -3.767
0210400237_01   29.458609  -89.557953   -25.485       0.922     2.329     0.491     2.457
0210400238_01   29.599796  -89.750931   -23.142       0.203    -1.856     0.532    -1.791
0210400241_01   29.537403  -89.691999   -25.962      -0.270    -3.223     0.311    -3.221
0210400244_01   29.308173  -89.734549   -20.922       4.763    -4.772     5.543    -3.847
0210400246_01   29.523756  -89.749503   -18.152      -1.824    -3.900    -1.097    -4.166
0210400249_01   29.450413  -89.710802   -23.462       2.086     2.638     1.581     2.970
0210400255_01   29.347994  -89.332183   -21.340      -1.856     1.514    -2.098     1.158
0210400256_01   29.432981  -89.666063   -17.641      -3.821    -0.675    -3.640    -1.347
0210400257_01   29.555069  -89.728665   -19.124      -2.938     0.079    -2.906    -0.447
0210400260_01   29.523996  -89.671559   -25.596      -0.754    -2.901    -0.223    -2.991
0210400264_01   29.317611  -89.437263   -23.795       3.998    -1.755     4.249    -1.013
0210400265_01   29.108582  -89.161534   -25.000      -1.989     2.076    -2.329     1.687
0210400266_01   29.713600  -89.633504   -22.199      -1.884    -3.203    -1.281    -3.490
0210400267_01   29.497921  -89.715418   -23.052       5.323    -2.918     5.763    -1.922
0210400270_01   29.423203  -89.570674   -20.604      -1.506    -0.225    -1.442    -0.491
0210400283_01   29.209114  -89.201561   -24.000       2.406    -3.675     3.026    -3.186
0210400284_01   29.587050  -89.536893   -19.710      -3.332    -6.608    -2.097    -7.100
0210400287_01   29.404069  -89.520816   -22.069       4.229     4.337     3.387     5.024
0210400289_01   29.336964  -89.582360   -23.954      -5.953     3.115    -6.417     2.003
0210400294_01   29.567375  -89.683876   -23.049      -0.897     4.327    -1.657     4.099
0210400297_01   29.431822  -89.542720   -20.457      -0.288     3.599    -0.928     3.491
0210400298_01   29.314521  -89.686808   -23.219      -1.749     1.077    -1.915     0.748
0210400301_01   29.174331  -89.142603   -22.934      -5.193    -6.603    -3.929    -7.427
0210400305_01   29.422333  -89.750833   -18.186      -4.172     1.700    -4.411     0.929
0210400309_01   29.401413  -89.751555   -18.334       3.288     2.735     2.747     3.280
0210400315_01   29.506118  -89.765710   -21.649       2.584    -0.840     2.694    -0.365
0210400317_01   29.290047  -89.218377   -23.844      -2.902     3.904    -3.554     3.323
0210400320_01   29.459496  -89.744391   -19.704       1.377     1.018     1.173     1.248
0210400321_01   29.341864  -89.634386   -26.019      -5.836    -0.912    -5.582    -1.941
0210400323_01   29.408489  -89.683388   -23.142       1.457     1.449     1.174     1.687
0210400328_01   29.121709  -89.084449   -23.000       4.985     6.631     3.720     7.418
0210400332_01   29.710263  -89.656026   -16.960       1.877    -2.168     2.235    -1.799
0210400336_01   29.374109  -89.657499   -25.252      -1.011     6.046    -2.078     5.771
0210400337_01   29.410536  -89.649731   -23.252      -1.450    -0.212    -1.390    -0.468
0210400339_01   29.469036  -89.714349   -20.492      -0.160     1.468    -0.420     1.417
0210400340_01   29.478840  -89.587800   -19.957       0.596    -4.964     1.475    -4.780
0210400345_01   29.106891  -89.265058   -23.000       0.432    -3.018     0.965    -2.893
0210400347_01   29.705073  -89.533124   -23.939      -1.135    -0.714    -0.989    -0.906
0210400350_01   29.459089  -89.615448   -22.271       5.938    -0.833     5.994     0.240
0210400351_01   29.177727  -89.221284   -24.000       2.109    -4.239     2.834    -3.795
0210400354_01   29.345557  -89.610325   -23.943      -3.046    -0.511    -2.906    -1.048
0210400360_01   29.127740  -89.165630   -20.000      -3.313    -0.428    -3.184    -1.013
0210400362_01   29.032069  -89.182378   -23.296       5.664    -0.283     5.625     0.734
0210400366_01   29.380166  -89.364084   -22.000       6.526     6.005     5.349     7.076
0210400371_01   29.048630  -89.317068   -23.000      -0.953    -2.618    -0.469    -2.747
0210400379_01   29.506703  -89.739437   -19.364      -3.269    -2.113    -2.839    -2.664
0210400382_01   29.372984  -89.712755   -19.702      -1.179     5.188    -2.090     4.897
0210400385_01   29.709788  -89.455413   -25.176       2.816    -0.889     2.930    -0.372
0210400386_01   29.225668  -89.251613   -22.000       5.294     0.046     5.202     0.992
0210400391_01   29.435641  -89.569399   -21.038      -1.736     0.928    -1.875     0.603
0210400394_01   29.541617  -89.575486   -24.020       2.781     1.061     2.548     1.542
0210400398_01   29.563053  -89.736026   -19.993       2.339     0.178     2.270     0.593
0210400402_01   29.120750  -89.212653   -24.000       3.070     2.843     2.513     3.347
0210400403_01   29.129176  -89.143161   -20.000       5.940     3.002     5.309     4.016
0210400404_01   29.304410  -89.187865   -22.000       3.622    -2.313     3.978    -1.629
0210400405_01   29.647055  -89.509674   -21.029       2.357     1.825     1.993     2.218
0210400415_01   29.157428  -89.154535   -22.000      -1.931    -4.982    -1.009    -5.248
0210400416_01   29.094458  -89.198532   -24.000      -0.244    -2.647     0.233    -2.649
0210400418_01   29.149687  -89.230839   -23.000       6.078    -5.906     7.039    -4.727
0210400421_01   29.595348  -89.717708   -19.095      -2.195    -4.588    -1.340    -4.909
0210400423_01   29.155601  -89.265495   -21.000      -4.499    -0.312    -4.372    -1.112
0210400426_01   29.420909  -89.589430   -21.892      -2.038     0.504    -2.096     0.132
0210400427_01   29.674060  -89.528639   -18.820       0.811     0.387     0.729     0.526
0210400432_01   29.397043  -89.562898   -27.670      -1.866    -2.089    -1.463    -2.390
0210400433_01   29.548213  -89.693246   -17.479      -2.851    -2.308    -2.393    -2.782
0210400434_01   29.055715  -89.183535   -23.000       1.965     3.106     1.379     3.408
0210400435_01   29.301543  -89.164642   -23.000       4.521     4.344     3.673     5.083
0210400436_01   29.413271  -89.522170   -24.895      -0.750     2.398    -1.167     2.227
0210400439_01   29.329560  -89.301448   -24.000       1.354     1.516     1.061     1.734
0210400440_01   29.345576  -89.329922   -23.000       0.253     0.572     0.147     0.608
0210400444_01   29.125825  -89.281806   -23.000      -4.689     4.267    -5.379     3.362
0210400445_01   29.668128  -89.554828   -25.708      -0.101    -1.041     0.087    -1.043
0210400446_01   29.214521  -89.138756   -22.000       1.188     4.599     0.347     4.738
0210400454_01   29.038733  -89.212732   -24.000       4.846     4.518     3.962     5.313
0210400456_01   29.234424  -89.213547   -25.000       2.959     2.407     2.482     2.898
0210400457_01   29.413955  -89.542907   -20.729      -0.618     1.741    -0.920     1.604
0210400459_01   29.294711  -89.281822   -21.000       3.228    -5.823     4.218    -5.154
0210400464_01   29.118775  -89.064340   -23.000       2.020     4.677     1.152     4.964
0210400467_01   29.478312  -89.587484   -23.843      -0.435    -3.647     0.225    -3.668
0210400470_01   29.441299  -89.694138   -20.113       1.398     2.242     0.975     2.457
0210400471_01   29.203860  -89.244659   -24.000      -0.252    -2.220     0.149    -2.230
0210400477_01   29.526100  -89.689259   -18.642      -0.745     0.690    -0.857     0.546
0210400478_01   29.679653  -89.430530   -18.458      -3.266     5.235    -4.151     4.569
0210400479_01   29.054735  -89.338466   -22.000       2.412     2.250     1.971     2.646
0210400480_01   29.771770  -89.651116   -18.320       0.125     2.268    -0.283     2.255
0210400483_01   29.189843  -89.191912   -24.000      -2.888    -0.335    -2.783    -0.846
0210400484_01   29.216087  -89.159453   -22.000      -4.688    -2.776    -4.117    -3.570
0210400485_01   28.951284  -89.402922   -22.000      -3.043    -3.854    -2.306    -4.338
0210400487_01   29.083724  -89.176116   -25.000      -0.684    -2.325    -0.257    -2.411
0210400490_01   29.105241  -89.234201   -22.000      -1.261    -4.763    -0.389    -4.914
0210400496_01   29.088562  -89.260036   -22.000      -2.203    -1.384    -1.921    -1.757
0210400505_01   29.059613  -89.259094   -22.000      -0.141    -2.058     0.230    -2.051
0210400506_01   29.482679  -89.627194   -22.826       0.527     5.270    -0.425     5.282
0210400507_01   29.331263  -89.674892   -22.048      -1.302     1.944    -1.630     1.681
0210400511_01   29.179937  -89.151915   -22.000      -2.775    -3.669    -2.075    -4.107
0210400512_01   29.439072  -89.642467   -23.527       1.048     2.340     0.613     2.490
0210400514_01   29.643679  -89.615847   -19.264      -1.432    -0.811    -1.265    -1.054
0210400517_01   29.521423  -89.584888   -26.614      -3.307     4.698    -4.096     4.033
0210400518_01   29.075238  -89.198430   -22.000      -1.223     1.232    -1.424     0.994
0210400520_01   29.456249  -89.553536   -21.813       1.591     3.127     1.007     3.363
0210400522_01   29.352749  -89.458296   -25.216       0.868     5.810    -0.185     5.874
0210400524_01   29.359090  -89.596223   -25.865      -1.806    -0.244    -1.734    -0.563
0210400528_01   29.499869  -89.675263   -19.365      -1.179     0.846    -1.312     0.623
0210400530_01   29.243756  -89.155702   -23.000      -5.868    -5.782    -4.740    -6.740
0210400532_01   29.713960  -89.632856   -18.398      -5.251    -5.013    -4.271    -5.872
0210400534_01   29.139397  -89.197941   -24.000      -0.264    -2.942     0.266    -2.943
0210400536_01   29.729677  -89.672331   -18.718       2.499     0.834     2.311     1.267
0210400537_01   29.032864  -89.156882   -24.000       0.355     1.348     0.109     1.390
0210400538_01   29.527802  -89.711258   -16.245       3.396    -2.628     3.814    -1.981
0210400539_01   29.373525  -89.645720   -25.471       4.573     4.703     3.660     5.446
0210400542_01   29.334455  -89.595930   -23.361       2.559     5.465     1.541     5.837
0210400545_01   29.454669  -89.578838   -20.301       0.758    -0.346     0.808    -0.205
0210400548_01   29.577829  -89.713851   -18.289      -0.425    -0.222    -0.378    -0.295
0210400552_01   29.741609  -89.356989   -29.410      -3.839     0.217    -3.817    -0.472
0210400554_01   29.329667  -89.646120   -22.373      -3.810     3.339    -4.349     2.607
0210400556_01   29.350919  -89.394612   -28.172      -3.101    -6.138    -1.954    -6.596
0210400557_01   29.398888  -89.783576   -23.888      -2.604     0.762    -2.700     0.285
0210400559_01   29.393336  -89.697509   -20.328      -3.396     2.049    -3.710     1.410
0210400560_01   29.385865  -89.538189   -22.483       4.064     1.292     3.769     1.998
0210400561_01   29.364782  -89.479897   -25.105       1.740    -6.430     2.863    -6.019
0210400563_01   29.252809  -89.214556   -25.000      -3.887    -1.551    -3.548    -2.221
0210400569_01   29.484373  -89.744755   -19.657       2.412     0.944     2.206     1.360
0210400572_01   29.280637  -89.217927   -23.000      -5.996    -4.170    -5.156    -5.176
0210400575_01   29.464339  -89.609368   -16.587       3.469    -4.998     4.309    -4.300
0210400576_01   29.181954  -89.126665   -24.000      -0.362     2.799    -0.857     2.690
0210400577_01   29.418776  -89.776384   -20.839      -1.104    -0.751    -0.953    -0.937
0210400579_01   29.402940  -89.743818   -22.059       2.756     3.130     2.153     3.574
0210400583_01   29.027095  -89.325216   -20.000       1.365    -2.363     1.766    -2.082
0210400587_01   29.395704  -89.673466   -21.764      -0.783     0.344    -0.833     0.199
0210400589_01   29.211835  -89.188061   -22.000      -4.323    -2.336    -3.837    -3.072
0210400592_01   29.129886  -89.232876   -22.000       4.197    -6.345     5.266    -5.495
0210400594_01   29.417821  -89.566812   -24.203      -0.297    -0.731    -0.161    -0.773
0210400595_01   29.420784  -89.636732   -21.707      -0.435     1.038    -0.614     0.944
0210400598_01   29.313959  -89.279795   -21.000      -1.253    -1.383    -0.985    -1.585
0210400600_01   29.421528  -89.708759   -18.300       0.008     1.854    -0.324     1.827
0210400601_01   29.298867  -89.212764   -24.000      -2.775     0.591    -2.837     0.086
0210400602_01   29.319737  -89.710084   -19.115      -1.884     0.755    -1.990     0.407
0210400605_01   29.648617  -89.639199   -19.487       3.356     6.131     2.206     6.635
0210400606_01   29.466741  -89.733456   -17.049       2.038     0.416     1.932     0.774
0210400607_01   29.459217  -89.757685   -21.275       1.041    -1.859     1.357    -1.645
0210400608_01   29.242972  -89.422657   -26.482      -1.646     4.342    -2.397     3.980
0210400609_01   29.384824  -89.507880   -22.268       1.717     4.125     0.952     4.367
0210400610_01   29.312996  -89.668235   -25.640      -5.129     2.610    -5.516     1.653
0210400611_01   29.068313  -89.289173   -18.000       3.189     1.686     2.837     2.230
0210400615_01   29.156676  -89.132936   -26.000       1.498     2.864     0.962     3.087
0210400619_01   29.690321  -89.454358   -24.309       0.953     1.816     0.613     1.958
0210400622_01   29.350194  -89.648509   -22.594      -1.117     3.525    -1.730     3.271
0210400624_01   29.437027  -89.664650   -22.944      -1.307     0.997    -1.465     0.747
0210400626_01   29.440243  -89.772327   -21.274      -0.214     0.684    -0.333     0.635
0210400627_01   29.421449  -89.685876   -16.923      -0.030     2.781    -0.527     2.733
0210400629_01   29.484924  -89.650750   -21.222      -1.636    -0.865    -1.455    -1.143
0210400631_01   29.438847  -89.721888   -18.058      -0.639     1.524    -0.902     1.386
0210400633_01   29.343427  -89.716578   -18.615       0.085     2.950    -0.444     2.920
0210400634_01   29.308391  -89.614711   -22.344      -1.577     3.340    -2.150     3.007
0210400635_01   29.441921  -89.742998   -17.541       2.164     1.117     1.930     1.486
0220390291_01   29.515373  -89.726439    -6.496      -2.470    -5.391    -1.467    -5.749
0220390442_01   29.515908  -89.767603   -16.041       0.353     0.973     0.173     1.020
0220390458_01   29.496227  -89.694304   -16.016       2.049    -1.166     2.226    -0.782
0220390465_01   29.586436  -89.797225   -21.732       5.199     3.935     4.414     4.803
0220390649_01   29.541314  -89.734004   -20.150      -3.670    -5.251    -2.673    -5.825
0220390666_01   29.563009  -89.736082   -21.770       6.018     0.658     5.806     1.722
0220400027_01   29.382236  -89.595215   -24.489      -0.004    -1.823     0.322    -1.796
0220400038_01   29.369726  -89.537782   -16.166       5.233    -5.166     6.075    -4.150
0220400068_01   29.515374  -89.726466   -39.206      -4.930    -5.569    -3.857    -6.364
0220400081_01   29.496231  -89.694010   -19.781      -1.090    -0.648    -0.957    -0.833
0220400108_01   29.390874  -89.788225   -31.927       1.808    -6.925     3.019    -6.495
0220400113_01   29.541296  -89.733699   -18.564      -2.174    -5.681    -1.124    -5.982
0220400133_01   29.515906  -89.767567   -17.990      -0.029    -0.778     0.110    -0.772
0220400146_01   29.463099  -89.623143   -21.129       6.928     1.282     6.590     2.500
0220400190_01   29.445228  -89.611359   -20.750      -4.620    -6.060    -3.463    -6.791
0220400197_01   29.552146  -89.790842   -22.031      -2.009    -6.160    -0.875    -6.424
0220400212_01   29.404186  -89.607766   -23.084      -4.896    -4.701    -3.978    -5.503
0220400292_01   29.451634  -89.653799   -21.177       1.680     6.752     0.445     6.947
0220400330_01   29.536509  -89.736616   -16.704       6.953     0.061     6.834     1.302
0220400349_01   29.418151  -89.567207   -24.960       0.554    -3.734     1.214    -3.577
0220400389_01   29.401269  -89.751540   -16.973       3.625     1.548     3.292     2.171
0220400403_01   29.537561  -89.712482   -14.950      -2.817     1.235    -2.994     0.713
0220400411_01   29.460290  -89.558334   -21.118       0.725    -0.418     0.788    -0.282
0220400485_01   29.431703  -89.539803   -20.026       4.083     6.353     2.882     6.983
0220400537_01   29.563012  -89.714749   -19.993       3.263    -5.216     4.145    -4.552
0220400539_01   29.380121  -89.781169   -16.495      -0.781    -4.074    -0.040    -4.151
0220400578_01   29.498002  -89.657464   -21.795       0.032    -5.588     1.032    -5.495
0220400635_01   29.331244  -89.674954   -23.422       2.944     2.487     2.453     2.974
