==============================================================================
==============================================================================
Tue. Aug. 25 2020                  LANDSAT 5                       Time: 00:13
                            Image Assessment System
                            GEOMETRIC VERIFY Report
==============================================================================
Order ID: L2                          Path / Row - 21 / 40
Reference Image: terrain_HDF.l1g

Color mapping per rank
----------------------
Rank  1 is Green: total residual <= 0.5
Rank  2 is Cyan: 0.5 < total residual <=  1
Rank  3 is Blue:  1 < total residual <=  2
Rank  4 is Yellow:  2 < total residual <=  3
Rank  5 is Red:  3 < total residual

Percentage of residuals by rank
-------------------------------
Rank   1 -- 95.9%
Rank   2 --  4.1%
Rank   3 --  0.0%
Rank   4 --  0.0%
Rank   5 --  0.0%

       GCP    Latitude    Longitude  Sample   Line     Total    Rank
        ID                           Residual Residual Residual
              (Degree)    (Degree)   (Pixel)  (Pixel)  (Pixel)
----------------------------------------------------------------------
0210400243   29.71591    -89.65136     0.06      0.13     0.15     1 
0210400246   29.71785    -89.55283    -0.46     -0.34     0.57     2 
0210400247   29.71848    -89.51999     0.11     -0.22     0.25     1 
0210400319   29.69114    -89.61786    -0.13     -0.01     0.13     1 
0210400324   29.69429    -89.45367    -0.06     -0.43     0.44     1 
0210400325   29.69489    -89.42083    -0.08      0.04     0.08     1 
0210400393   29.66507    -89.65003     0.12     -0.05     0.13     1 
0210400394   29.66572    -89.61720    -0.03      0.00     0.03     1 
0210400395   29.66636    -89.58437    -0.03      0.05     0.06     1 
0210400396   29.66700    -89.55155    -0.15      0.07     0.16     1 
0210400399   29.66886    -89.45305    -0.45     -0.27     0.52     2 
0210400467   29.63898    -89.68218     0.20      0.16     0.26     1 
0210400469   29.64029    -89.61654    -0.15     -0.26     0.30     1 
0210400472   29.64220    -89.51808    -0.03     -0.48     0.48     1 
0210400615   29.58680    -89.74643    -0.05      0.07     0.09     1 
0210400616   29.58747    -89.71363    -0.03     -0.09     0.09     1 
0210400690   29.56137    -89.74574    -0.10      0.13     0.16     1 
0210400691   29.56205    -89.71295    -0.10      0.02     0.11     1 
0210400693   29.56337    -89.64737     0.16     -0.34     0.38     1 
0210400766   29.53663    -89.71227    -0.08      0.02     0.08     1 
0210400767   29.53729    -89.67949     0.00      0.01     0.01     1 
0210400770   29.53924    -89.58113    -0.15     -0.30     0.33     1 
0210400771   29.53987    -89.54834     0.18     -0.31     0.36     1 
0210400839   29.50985    -89.77714    -0.09      0.12     0.15     1 
0210400840   29.51053    -89.74437    -0.08     -0.00     0.08     1 
0210400842   29.51187    -89.67882    -0.12     -0.06     0.13     1 
0210400845   29.51381    -89.58049    -0.29      0.27     0.39     1 
0210400914   29.48443    -89.77645    -0.14      0.04     0.14     1 
0210400915   29.48511    -89.74368    -0.10      0.06     0.12     1 
0210400916   29.48578    -89.71092    -0.05      0.12     0.13     1 
0210400917   29.48644    -89.67815    -0.12      0.21     0.24     1 
0210400918   29.48710    -89.64538    -0.05     -0.04     0.07     1 
0210400919   29.48775    -89.61261     0.03     -0.05     0.05     1 
0210400920   29.48839    -89.57984    -0.11     -0.08     0.13     1 
0210400988   29.45832    -89.80851    -0.15      0.18     0.23     1 
0210400989   29.45901    -89.77576     0.37     -0.34     0.50     2 
0210400990   29.45969    -89.74300    -0.19      0.07     0.20     1 
0210400991   29.46036    -89.71024    -0.05      0.01     0.05     1 
0210400992   29.46102    -89.67748    -0.01     -0.06     0.06     1 
0210400993   29.46168    -89.64472    -0.16      0.06     0.17     1 
0210400995   29.46296    -89.57920    -0.05     -0.00     0.05     1 
0210400996   29.46359    -89.54643    -0.01     -0.08     0.08     1 
0210401063   29.43290    -89.80781    -0.08      0.17     0.19     1 
0210401064   29.43359    -89.77506    -0.13      0.07     0.15     1 
0210401065   29.43426    -89.74231    -0.12      0.08     0.14     1 
0210401066   29.43493    -89.70956    -0.06      0.00     0.06     1 
0210401067   29.43560    -89.67681    -0.19     -0.03     0.19     1 
0210401068   29.43625    -89.64406    -0.06     -0.02     0.06     1 
0210401071   29.43817    -89.54580    -0.15     -0.29     0.32     1 
0210401138   29.40748    -89.80711    -0.28      0.08     0.29     1 
0210401139   29.40816    -89.77437    -0.14      0.03     0.14     1 
0210401140   29.40884    -89.74163    -0.43      0.19     0.47     1 
0210401141   29.40951    -89.70889    -0.07      0.00     0.07     1 
0210401142   29.41017    -89.67615    -0.08      0.06     0.11     1 
0210401143   29.41083    -89.64340    -0.08      0.07     0.11     1 
0210401144   29.41147    -89.61066     0.04      0.00     0.04     1 
0210401145   29.41211    -89.57791    -0.06     -0.03     0.07     1 
0210401146   29.41274    -89.54516    -0.05     -0.10     0.12     1 
0210401214   29.38274    -89.77368    -0.19      0.18     0.26     1 
0210401217   29.38475    -89.67548    -0.36     -0.06     0.37     1 
0210401218   29.38540    -89.64275    -0.28     -0.12     0.31     1 
0210401221   29.38732    -89.54453     0.14     -0.00     0.14     1 
0210401222   29.38794    -89.51179     0.31      0.18     0.36     1 
0210401290   29.35800    -89.74027     0.04      0.33     0.33     1 
0210401292   29.35933    -89.67481     0.04      0.06     0.08     1 
0210401293   29.35998    -89.64209    -0.03      0.04     0.05     1 
0210401294   29.36062    -89.60936     0.04      0.12     0.13     1 
0210401296   29.36189    -89.54390     0.04     -0.03     0.05     1 
0210401297   29.36251    -89.51117    -0.07     -0.10     0.12     1 
0210401298   29.36312    -89.47843    -0.19     -0.05     0.20     1 
0210401299   29.36373    -89.44570    -0.17      0.22     0.28     1 
0210401303   29.36606    -89.31476    -0.32      0.37     0.49     1 
0210401362   29.33052    -89.83773    -0.40      0.20     0.45     1 
0210401363   29.33121    -89.80502     0.23     -0.05     0.23     1 
0210401364   29.33190    -89.77230    -0.05      0.08     0.09     1 
0210401365   29.33257    -89.73959    -0.05      0.03     0.06     1 
0210401366   29.33324    -89.70687    -0.06      0.08     0.10     1 
0210401367   29.33390    -89.67415    -0.03      0.08     0.09     1 
0210401368   29.33455    -89.64143    -0.17      0.12     0.21     1 
0210401369   29.33520    -89.60871    -0.29      0.29     0.42     1 
0210401370   29.33583    -89.57599    -0.26      0.17     0.31     1 
0210401371   29.33646    -89.54327    -0.06      0.08     0.10     1 
0210401374   29.33830    -89.44509    -0.37      0.05     0.37     1 
0210401376   29.33948    -89.37964    -0.14     -0.01     0.14     1 
0210401440   29.30715    -89.73891    -0.15     -0.39     0.42     1 
0210401442   29.30848    -89.67349    -0.15     -0.08     0.17     1 
0210401444   29.30977    -89.60806    -0.16     -0.05     0.16     1 
0210401454   29.31576    -89.28088    -0.05      0.01     0.05     1 
0210401456   29.31687    -89.21544     0.30     -0.04     0.31     1 
0210401519   29.28435    -89.60742     0.05      0.16     0.17     1 
0210401530   29.29089    -89.24760     0.12      0.12     0.17     1 
0210401531   29.29143    -89.21489     0.29      0.22     0.36     1 
0210401596   29.26018    -89.54138     0.01      0.01     0.02     1 
0210401602   29.26377    -89.34516    -0.27     -0.36     0.46     1 
0210401605   29.26546    -89.24705     0.18      0.18     0.25     1 
0210401606   29.26600    -89.21434    -0.01     -0.18     0.18     1 
0210401620   29.27281    -88.75634    -0.02      0.15     0.15     1 
0210401671   29.23475    -89.54075     0.08     -0.01     0.08     1 
0210401679   29.23947    -89.27919     0.44      0.14     0.46     1 
0210401680   29.24002    -89.24649     0.15      0.07     0.17     1 
0210401681   29.24057    -89.21379    -0.05      0.12     0.13     1 
0210401682   29.24111    -89.18109     0.18     -0.12     0.22     1 
0210401685   29.24267    -89.08298    -0.08      0.25     0.26     1 
0210401690   29.24512    -88.91945    -0.20      0.00     0.20     1 
0210401750   29.21175    -89.40938    -0.23      0.20     0.30     1 
0210401754   29.21404    -89.27863     0.08     -0.07     0.11     1 
0210401755   29.21459    -89.24593    -0.11      0.13     0.17     1 
0210401756   29.21514    -89.21324    -0.16      0.04     0.16     1 
0210401829   29.18860    -89.27806    -0.47      0.18     0.51     2 
0210401830   29.18916    -89.24538     0.03      0.10     0.10     1 
0210401831   29.18970    -89.21270    -0.02     -0.37     0.37     1 
0210401832   29.19024    -89.18001     0.10     -0.20     0.22     1 
0210401835   29.19180    -89.08195     0.26     -0.06     0.26     1 
0210401907   29.16480    -89.17947     0.03     -0.12     0.12     1 
0210401908   29.16533    -89.14680    -0.04     -0.27     0.27     1 
0210401929   29.17458    -88.46039     0.01      0.58     0.58     2 
0210401980   29.13829    -89.24427    -0.13     -0.19     0.24     1 
0210401981   29.13884    -89.21161    -0.12     -0.01     0.12     1 
0210401982   29.13937    -89.17894    -0.06      0.08     0.10     1 
0210401983   29.13990    -89.14627    -0.10      0.04     0.11     1 
0210402053   29.11175    -89.30904     0.15      0.37     0.40     1 
0210402054   29.11231    -89.27638    -0.07     -0.01     0.07     1 
0210402055   29.11286    -89.24372    -0.14     -0.09     0.17     1 
0210402056   29.11340    -89.21106    -0.01     -0.14     0.14     1 
0210402057   29.11394    -89.17840    -0.07     -0.01     0.08     1 
0210402058   29.11446    -89.14574    -0.24     -0.17     0.30     1 
0210402059   29.11498    -89.11308    -0.56     -0.11     0.57     2 
0210402060   29.11549    -89.08041    -0.29      0.13     0.32     1 
0210402067   29.11885    -88.85175     0.01      0.13     0.13     1 
0210402129   29.08687    -89.27582    -0.05     -0.10     0.11     1 
0210402130   29.08742    -89.24317     0.11     -0.08     0.13     1 
0210402131   29.08797    -89.21052     0.27      0.20     0.34     1 
0210402132   29.08850    -89.17786    -0.10      0.02     0.10     1 
0210402202   29.06032    -89.34054     0.45      0.21     0.50     1 
0210402203   29.06088    -89.30790    -0.02      0.09     0.09     1 
0210402204   29.06144    -89.27526    -0.26     -0.15     0.30     1 
0210402206   29.06253    -89.20997     0.07      0.03     0.08     1 
0210402277   29.03489    -89.33997    -0.14     -0.10     0.17     1 
0210402278   29.03545    -89.30734    -0.10     -0.13     0.16     1 
0210402281   29.03710    -89.20943     0.05     -0.06     0.08     1 
0210402352   29.00946    -89.33939    -0.05     -0.01     0.05     1 
0210402357   29.01220    -89.17626    -0.36      0.12     0.38     1 
0210402358   29.01272    -89.14363    -0.23      0.01     0.23     1 
0210402500   28.95744    -89.40347    -0.06     -0.03     0.07     1 
0210402524   28.96915    -88.62066    -0.21     -0.04     0.21     1 
0210402804   28.85798    -89.27081    -0.18     -0.40     0.44     1 
0210403030   28.78222    -89.23660    -0.07     -0.04     0.08     1 
0210403325   28.67769    -89.39705    -0.06     -0.28     0.28     1 
----------------------------------------------------------------------
---------------------------------------------------
Total correlated GCPs in Upper Left Quadrant: 141

GCP statistics this quadrant only (in Pixels)
Line residual statistics:
  Mean: -0.065
  Median: -0.064
  Standard Deviation: 0.173

Sample residual statistics:
  Mean: 0.001
  Median: 0.007
  Standard Deviation: 0.160

Quadrant RMSE: 0.245

---------------------------------------------------
Total correlated GCPs in Upper Right Quadrant: 4

GCP statistics this quadrant only (in Pixels)
Line residual statistics:
  Mean: -0.052
  Median: -0.006
  Standard Deviation: 0.089

Sample residual statistics:
  Mean: 0.204
  Median: 0.138
  Standard Deviation: 0.232

Quadrant RMSE: 0.326

---------------------------------------------------
Total correlated GCPs in Lower Left Quadrant: 3

GCP statistics this quadrant only (in Pixels)
Line residual statistics:
  Mean: -0.105
  Median: -0.069
  Standard Deviation: 0.055

Sample residual statistics:
  Mean: -0.238
  Median: -0.276
  Standard Deviation: 0.149

Quadrant RMSE: 0.305

---------------------------------------------------
Total correlated GCPs in Lower Right Quadrant: 0

GCP statistics this quadrant only (in Pixels)
Line residual statistics:
  Mean: 0.000
  Median: 0.000
  Standard Deviation: 0.000

Sample residual statistics:
  Mean: 0.000
  Median: 0.000
  Standard Deviation: 0.000

Quadrant RMSE: 0.000

---------------------------------------------------
---------------------------------------------------
Total correlated GCPs in scene: 148

GCP statistics entire scene (in Pixels)
Line residual statistics:
  Mean: -0.065
  Median: -0.063
  Standard Deviation: 0.170

Sample residual statistics:
  Mean: 0.001
  Median: 0.006
  Standard Deviation: 0.169

Scene RMSE: 0.248

