Mon. Aug. 24, 2020             LANDSAT 5                 Time: 21:49
                         Image Assessment System
                           GCP Residual Report
----------------------------------------------------------------------------
WOID: L2            Path/Row: 021 / 040

L0R Reference Image: L51GNC1010129160100_HDF.202250838
Acquisition Date: May 09, 2010

Band Number:  5

GLS date for each WRS-2 path/row used:
Path  Row   Date
021   039   10-15-2001, 01-31-2015
021   040   10-15-2001, 11-15-2015
022   039   09-17-2000, 11-22-2015
022   040   10-01-1999, 02-07-2015


Point_ID         Latitude  Longitude    Height       Across    Along    Residual  Residual
                                                      Scan      Scan      In y      in x
                                                    Residual  Residual    dir       dir
                   (deg)     (deg)     (meters)     (meters)  (meters)  (meters)  (meters)

0210390420_01   29.710326  -89.623197   -17.582       2.471     1.276     2.204     1.697
0210390427_01   29.663060  -89.581971   -24.949      -3.119     0.644    -3.185     0.078
0210390429_01   29.679020  -89.700420   -19.650       1.361    -1.704     1.644    -1.435
0210390431_01   29.634274  -89.679683   -16.204      -1.416    -2.632    -0.923    -2.843
0210390436_01   29.658537  -89.684393   -19.021      -0.370    -0.281    -0.314    -0.342
0210390438_01   29.634858  -89.703866   -25.668       0.921    -1.743     1.218    -1.551
0210390441_01   29.682019  -89.673849   -23.151      -2.272    -5.420    -1.267    -5.741
0210390442_01   29.672581  -89.634515   -22.413      -4.405    -3.058    -3.790    -3.796
0210390623_01   29.641906  -89.690457   -18.503       0.231    -1.064     0.417    -1.006
0210390624_01   29.687087  -89.650446   -16.640       0.570     3.860    -0.130     3.902
0210390634_01   29.647870  -89.510320   -21.394      -3.454    -2.203    -3.006    -2.785
0210390635_01   29.624310  -89.663972   -16.595      -3.247     1.329    -3.434     0.729
0210400001_01   29.405180  -89.780319   -20.207      -0.718    -0.208    -0.669    -0.333
0210400006_01   29.179852  -89.256468   -22.000      -6.020     2.431    -6.360     1.317
0210400007_01   29.236465  -89.381439   -20.713      -2.186    -0.690    -2.029    -1.070
0210400008_01   29.317206  -89.389843   -35.666       1.867     0.425     1.762     0.752
0210400014_01   29.731766  -89.608525   -22.396      -1.540    -0.215    -1.478    -0.487
0210400015_01   29.253892  -89.357765   -22.000      -0.938     0.082    -0.938    -0.087
0210400017_01   29.236644  -89.274997   -23.000      -2.955     1.366    -3.152     0.817
0210400019_01   29.264630  -89.377161   -23.000       4.939     1.330     4.623     2.192
0210400020_01   29.201248  -89.410334   -23.000      -0.173     5.065    -1.076     4.955
0210400025_01   29.370556  -89.534121   -31.626       1.974     3.325     1.349     3.626
0210400026_01   29.236861  -89.275616   -23.000      -1.262     1.753    -1.556     1.500
0210400027_01   29.196703  -89.332635   -23.000      -2.801    -5.283    -1.812    -5.700
0210400028_01   29.352990  -89.547575   -25.889      -0.353    -1.138    -0.144    -1.184
0210400032_01   29.236215  -89.360155   -20.644       2.328     0.715     2.163     1.120
0210400034_01   29.272103  -89.351709   -21.335       0.885    -0.158     0.900     0.003
0210400035_01   29.230477  -89.408437   -25.000       2.480    -2.273     2.847    -1.795
0210400036_01   29.062731  -89.218492   -24.000      -0.302    -1.124    -0.096    -1.160
0210400037_01   29.394993  -89.584164   -25.697       5.198    -0.319     5.173     0.614
0210400038_01   29.113404  -89.114168   -24.000      -0.217     4.117    -0.950     4.013
0210400040_01   29.496497  -89.694032   -16.110       5.233    -1.723     5.460    -0.762
0210400042_01   29.101256  -89.195855   -25.156      -3.754     1.996    -4.052     1.294
0210400043_01   29.053618  -89.307960   -21.461      -0.549     2.584    -1.002     2.445
0210400044_01   29.323288  -89.304973   -21.344      -0.663    -2.824    -0.148    -2.898
0210400049_01   29.437827  -89.625172   -25.556      -4.719     3.034    -5.188     2.145
0210400051_01   29.237441  -89.225293   -24.020       4.342    -2.244     4.675    -1.433
0210400052_01   29.320394  -89.269174   -23.000      -0.752     4.707    -1.582     4.499
0210400055_01   29.380519  -89.781419   -24.662      -0.605    -5.487     0.386    -5.511
0210400056_01   29.266634  -89.475599   -27.290      -0.788    -0.768    -0.638    -0.897
0210400058_01   29.160321  -89.190595   -24.000       3.240     6.497     2.028     6.973
0210400060_01   29.122320  -89.295904   -23.000      -0.885     1.162    -1.079     0.986
0210400061_01   29.300217  -89.309728   -21.073      -3.266     1.259    -3.440     0.656
0210400063_01   29.027592  -89.325818   -20.249       1.640    -3.408     2.223    -3.062
0210400064_01   29.754035  -89.645044   -15.718      -2.041    -2.540    -1.555    -2.864
0210400068_01   29.124257  -89.217971   -24.000      -1.458     2.827    -1.940     2.522
0210400071_01   29.515204  -89.692698   -21.966       0.930    -2.772     1.411    -2.563
0210400072_01   29.245682  -89.484719   -20.674      -2.291     2.055    -2.623     1.614
0210400073_01   29.056513  -89.342404   -22.000      -2.358    -6.991    -1.071    -7.303
0210400074_01   29.467639  -89.687708   -16.561       3.927    -3.887     4.561    -3.125
0210400076_01   29.091181  -89.266230   -21.081      -4.917    -4.325    -4.066    -5.135
0210400078_01   29.353023  -89.458349   -24.349      -1.147    -6.802     0.088    -6.900
0210400083_01   29.663055  -89.581965   -24.968      -2.790     0.183    -2.779    -0.318
0210400084_01   29.112324  -89.257826   -18.104       6.388     1.639     5.994     2.755
0210400087_01   29.073068  -89.264610   -22.636      -4.950    -2.612    -4.405    -3.455
0210400088_01   29.263794  -89.392527   -23.613       4.898    -2.958     5.350    -2.037
0210400094_01   29.255857  -89.255917   -24.000       1.394    -3.004     1.909    -2.707
0210400097_01   29.573631  -89.762589   -35.687      -2.918     0.766    -3.010     0.234
0210400105_01   29.251022  -89.514805   -28.686      -0.390     2.253    -0.787     2.148
0210400108_01   29.634273  -89.679687   -15.528      -1.380    -2.634    -0.887    -2.839
0210400109_01   29.128017  -89.165563   -21.920      -3.522    -1.270    -3.239    -1.879
0210400114_01   29.139286  -89.098739   -22.529       4.209    -4.385     4.926    -3.563
0210400117_01   29.312445  -89.350196   -20.279       1.880    -1.035     2.035    -0.683
0210400121_01   29.577026  -89.727722   -20.968      -2.317    -3.359    -1.680    -3.721
0210400122_01   29.199607  -89.053295   -23.000      -1.737    -4.113    -0.974    -4.358
0210400125_01   29.097548  -89.141973   -20.975      -0.261    -5.151     0.664    -5.117
0210400126_01   29.452655  -89.586242   -16.119      -1.912     1.077    -2.074     0.719
0210400128_01   29.068035  -89.288216   -18.978       0.972    -2.526     1.408    -2.313
0210400129_01   29.198158  -89.355920   -23.000       1.087     2.166     0.683     2.326
0210400130_01   29.265661  -89.280829   -21.384       3.880    -4.170     4.564    -3.411
0210400131_01   29.683114  -89.712292   -23.695       1.446    -1.647     1.718    -1.363
0210400133_01   29.686703  -89.734995   -29.188       0.848    -1.654     1.130    -1.477
0210400134_01   29.066357  -89.162926   -22.732       0.233     6.270    -0.892     6.213
0210400136_01   29.658536  -89.684399   -19.007      -0.372     0.020    -0.370    -0.046
0210400137_01   29.672582  -89.634521   -23.943      -4.556    -2.587    -4.022    -3.360
0210400138_01   29.572571  -89.705636   -19.180       1.577    -3.727     2.219    -3.388
0210400139_01   29.477027  -89.612830   -25.360      -1.515    -0.759    -1.356    -1.018
0210400140_01   29.362884  -89.479267   -26.312       2.667    -0.602     2.733    -0.116
0210400142_01   29.451570  -89.666272   -23.144       3.006     0.597     2.853     1.124
0210400146_01   29.697403  -89.689092   -23.450      -1.449    -4.380    -0.643    -4.571
0210400147_01   29.146990  -89.161729   -25.000      -1.212     1.242    -1.415     1.006
0210400152_01   29.238420  -89.296327   -21.728      -0.275     0.665    -0.390     0.605
0210400154_01   29.231903  -89.203240   -25.000      -4.607    -2.013    -4.175    -2.805
0210400155_01   29.013433  -89.167281   -21.105       2.514     6.010     1.399     6.365
0210400158_01   29.165630  -89.166680   -23.585      -1.593    -4.385    -0.783    -4.600
0210400162_01   29.301525  -89.278880   -23.228       0.013    -0.208     0.050    -0.202
0210400163_01   29.405097  -89.608178   -21.396      -2.898     0.124    -2.875    -0.395
0210400164_01   29.614128  -89.699607   -17.181      -0.448     1.472    -0.704     1.370
0210400165_01   29.173760  -89.421220   -21.585      -4.568    -5.347    -3.540    -6.079
0210400166_01   29.392660  -89.547373   -22.880       3.644     2.278     3.179     2.893
0210400168_01   29.520600  -89.571280   -23.483      -2.599     6.647    -3.747     6.080
0210400169_01   29.367693  -89.304824   -21.943      -2.240     1.122    -2.405     0.705
0210400174_01   29.250665  -89.416302   -33.653       2.340     0.243     2.260     0.657
0210400175_01   29.644802  -89.707269   -25.046       0.681    -0.158     0.698    -0.034
0210400176_01   29.644675  -89.739134   -24.067       1.059     0.437     0.964     0.619
0210400178_01   29.331837  -89.776455   -20.614       5.469    -2.027     5.747    -1.019
0210400180_01   29.740092  -89.691818   -18.185       2.933    -1.316     3.122    -0.772
0210400181_01   29.483446  -89.644825   -25.199      -2.440    -0.671    -2.282    -1.096
0210400182_01   29.236400  -89.326138   -24.000      -3.684    -1.282    -3.397    -1.920
0210400183_01   29.608750  -89.723641   -17.990       0.267     0.766     0.125     0.802
0210400184_01   29.669133  -89.734852   -20.453       1.366    -0.440     1.423    -0.189
0210400185_01   29.364191  -89.584674   -27.040      -2.164     5.057    -3.035     4.592
0210400189_01   29.146555  -89.174346   -25.000       2.254    -2.116     2.597    -1.680
0210400190_01   29.153403  -89.393082   -23.000      -2.815    -2.603    -2.305    -3.065
0210400192_01   29.527585  -89.544795   -24.110       2.537     0.051     2.488     0.503
0210400193_01   29.289164  -89.440770   -29.202       4.229     3.638     3.512     4.336
0210400195_01   29.265051  -89.213232   -24.414      -2.669    -0.887    -2.469    -1.350
0210400196_01   29.247659  -89.462491   -20.690       2.404    -1.540     2.642    -1.086
0210400197_01   29.679516  -89.663570   -18.248      -2.025    -1.566    -1.713    -1.902
0210400198_01   29.328218  -89.526555   -18.241      -0.199    -0.345    -0.135    -0.375
0210400199_01   29.270333  -89.154693   -23.073       0.666     0.860     0.501     0.966
0210400201_01   29.206816  -89.430110   -26.834       1.546    -0.887     1.680    -0.597
0210400204_01   29.426689  -89.693454   -18.634       0.858     1.547     0.568     1.676
0210400207_01   29.249496  -89.185805   -24.103      -3.866     4.377    -4.587     3.617
0210400209_01   29.299264  -89.467257   -24.324       3.113     6.097     1.974     6.558
0210400218_01   29.307640  -89.217231   -24.339       3.720    -3.693     4.322    -2.970
0210400221_01   29.136165  -89.196622   -22.579      -2.098     0.275    -2.114    -0.104
0210400226_01   29.709857  -89.608571   -17.431      -1.603     0.712    -1.705     0.415
0210400227_01   29.181154  -89.122395   -23.045      -0.214     3.082    -0.762     2.995
0210400228_01   29.382241  -89.513425   -19.096       3.208     3.551     2.522     4.068
0210400230_01   29.257292  -89.553544   -24.133      -0.355     3.544    -0.983     3.426
0210400232_01   29.730642  -89.665271   -18.792       0.859     3.304     0.255     3.406
0210400233_01   29.380252  -89.781208   -18.278      -0.282    -3.956     0.430    -3.945
0210400236_01   29.354768  -89.435471   -26.013       6.617     3.912     5.814     5.032
0210400237_01   29.458609  -89.557953   -25.485      -0.641     1.946    -0.979     1.802
0210400238_01   29.599796  -89.750931   -23.142       0.720    -3.805     1.389    -3.617
0210400239_01   29.706093  -89.582884   -25.388      -6.574     1.541    -6.747     0.344
0210400241_01   29.537403  -89.691999   -25.962      -0.173    -2.392     0.258    -2.386
0210400242_01   29.691525  -89.629140   -23.497       2.934    -2.033     3.252    -1.477
0210400243_01   29.760920  -89.584781   -21.274       2.038    -2.386     2.432    -1.985
0210400244_01   29.308173  -89.734549   -20.922       4.132    -3.351     4.667    -2.562
0210400245_01   29.731229  -89.713274   -23.793       3.685     0.317     3.571     0.970
0210400249_01   29.450413  -89.710802   -23.462       2.280     1.885     1.907     2.263
0210400251_01   29.634279  -89.679406   -17.255      -0.487    -1.563    -0.200    -1.626
0210400254_01   29.676358  -89.686084   -22.873       0.382    -1.207     0.592    -1.119
0210400255_01   29.347994  -89.332183   -21.340      -0.594     2.968    -1.116     2.815
0210400256_01   29.432981  -89.666063   -17.641      -3.589    -1.880    -3.197    -2.492
0210400258_01   29.343748  -89.355823   -23.000       1.519     0.738     1.363     0.997
0210400259_01   29.725515  -89.609605   -16.315       1.279     4.662     0.425     4.818
0210400260_01   29.523996  -89.671559   -25.596       1.336    -2.703     1.798    -2.422
0210400263_01   29.768887  -89.661602   -24.594      -2.593     5.728    -3.577     5.176
0210400265_01   29.108582  -89.161534   -25.000      -1.590     1.650    -1.860     1.340
0210400266_01   29.713600  -89.633504   -22.199       5.044    -1.191     5.178    -0.272
0210400269_01   29.284160  -89.343335   -21.000      -4.834    -6.808    -3.541    -7.565
0210400273_01   29.372160  -89.752494   -18.183       0.903    -3.405     1.498    -3.191
0210400275_01   29.754195  -89.609697   -22.521       2.084     1.731     1.742     2.076
0210400277_01   29.338640  -89.259428   -22.332       2.841     5.898     1.742     6.312
0210400280_01   29.209987  -89.151004   -23.950      -5.978    -3.343    -5.285    -4.358
0210400281_01   29.659791  -89.612597   -20.849      -5.865     6.378    -6.914     5.232
0210400283_01   29.209114  -89.201561   -24.000       3.544    -2.060     3.857    -1.394
0210400286_01   29.594406  -89.683661   -18.704       0.944     2.979     0.397     3.101
0210400287_01   29.404069  -89.520816   -22.069      -0.409     2.447    -0.840     2.336
0210400289_01   29.336964  -89.582360   -23.954      -6.555     2.904    -6.972     1.689
0210400292_01   29.751657  -89.656191   -20.336       0.809     2.674     0.318     2.777
0210400294_01   29.567375  -89.683876   -23.049      -1.792     1.992    -2.120     1.641
0210400297_01   29.431822  -89.542720   -20.457      -5.149     3.054    -5.615     2.087
0210400298_01   29.314521  -89.686808   -23.219      -1.773     1.675    -2.045     1.332
0210400301_01   29.174331  -89.142603   -22.934       4.193     0.442     4.048     1.184
0210400303_01   29.662016  -89.658163   -18.541       1.050    -0.298     1.087    -0.106
0210400304_01   29.598917  -89.621788   -17.249      -2.815    -5.510    -1.786    -5.927
0210400305_01   29.422333  -89.750833   -18.186      -3.943     2.362    -4.304     1.622
0210400309_01   29.401413  -89.751555   -18.334       3.213     5.453     2.187     5.943
0210400310_01   29.663160  -89.709006   -19.254       1.703    -0.636     1.790    -0.322
0210400312_01   29.272542  -89.373016   -22.799       4.452     0.587     4.277     1.373
0210400314_01   29.718050  -89.685040   -23.417       1.072    -2.020     1.416    -1.798
0210400317_01   29.290047  -89.218377   -23.844       2.597     0.115     2.535     0.577
0210400318_01   29.694297  -89.520866   -22.034      -5.380    -3.047    -4.750    -3.959
0210400320_01   29.459496  -89.744391   -19.704       0.791     0.531     0.684     0.664
0210400321_01   29.341864  -89.634386   -26.019      -6.724    -0.288    -6.568    -1.484
0210400322_01   29.110313  -89.237663   -21.387      -2.796    -6.449    -1.598    -6.847
0210400323_01   29.408489  -89.683388   -23.142       0.484     1.661     0.179     1.722
0210400324_01   29.706945  -89.602991   -20.447       4.173     4.140     3.367     4.820
0210400332_01   29.710263  -89.656026   -16.960       1.632     1.556     1.328     1.823
0210400336_01   29.374109  -89.657499   -25.252      -2.457     5.899    -3.474     5.369
0210400337_01   29.410536  -89.649731   -23.252      -1.153    -3.259    -0.552    -3.414
0210400339_01   29.469036  -89.714349   -20.492       0.461    -1.308     0.688    -1.206
0210400340_01   29.478840  -89.587800   -19.957      -2.514    -3.060    -1.927    -3.461
0210400341_01   29.285861  -89.193683   -23.001      -1.303     0.540    -1.379     0.299
0210400343_01   29.625965  -89.727779   -28.158       1.510    -1.608     1.774    -1.314
0210400344_01   29.618635  -89.717098   -18.350       0.218     0.003     0.214     0.042
0210400345_01   29.106891  -89.265058   -23.000      -1.747    -5.014    -0.823    -5.247
0210400350_01   29.459089  -89.615448   -22.271       6.027     0.762     5.796     1.826
0210400352_01   29.705533  -89.714433   -26.817       0.352     0.303     0.292     0.361
0210400354_01   29.345557  -89.610325   -23.943      -2.833     0.313    -2.845    -0.198
0210400355_01   29.265471  -89.152426   -24.000      -0.162     3.112    -0.715     3.034
0210400359_01   29.515734  -89.650648   -22.679      -1.507    -4.456    -0.686    -4.656
0210400360_01   29.127740  -89.165630   -20.000      -3.824     0.969    -3.937     0.271
0210400362_01   29.032069  -89.182378   -23.296       3.367    -1.663     3.611    -1.035
0210400363_01   29.228904  -89.436483   -21.195       2.555    -0.150     2.542     0.309
0210400367_01   29.569079  -89.691950   -25.630       0.539    -2.261     0.935    -2.129
0210400371_01   29.048630  -89.317068   -23.000      -2.371    -4.266    -1.571    -4.622
0210400373_01   29.379720  -89.343371   -22.000       6.906     0.094     6.780     1.326
0210400376_01   29.292781  -89.346862   -23.000       1.099    -4.285     1.848    -4.022
0210400377_01   29.750187  -89.714086   -27.920       3.412    -4.919     4.239    -4.234
0210400378_01   29.618138  -89.751760   -21.271       3.853     0.622     3.682     1.300
0210400380_01   29.625608  -89.656288   -18.156      -6.143     3.444    -6.663     2.294
0210400382_01   29.372984  -89.712755   -19.702       1.049     2.678     0.553     2.824
0210400383_01   29.599561  -89.697082   -17.424      -0.876     0.765    -0.999     0.597
0210400384_01   29.259774  -89.282292   -23.000       3.579     0.607     3.414     1.236
0210400386_01   29.225668  -89.251613   -22.000       1.317     2.384     0.870     2.582
0210400391_01   29.435641  -89.569399   -21.038       0.836     1.527     0.549     1.653
0210400392_01   29.766123  -89.581180   -19.914      -0.259    -0.461    -0.173    -0.500
0210400394_01   29.541617  -89.575486   -24.020      -0.754     1.067    -0.933     0.916
0210400397_01   29.337329  -89.258377   -22.000       0.995     2.828     0.474     2.961
0210400398_01   29.563053  -89.736026   -19.993       1.992    -0.657     2.078    -0.292
0210400399_01   29.312543  -89.345851   -24.000       0.928     1.667     0.615     1.807
0210400402_01   29.120750  -89.212653   -24.000       0.394     2.271    -0.018     2.306
0210400403_01   29.129176  -89.143161   -20.000       3.214     5.789     2.128     6.271
0210400404_01   29.304410  -89.187865   -22.000      -0.445    -1.605    -0.151    -1.659
0210400405_01   29.647055  -89.509674   -21.029      -2.288    -2.427    -1.818    -2.797
0210400412_01   29.282399  -89.382212   -23.000       4.403    -0.489     4.421     0.305
0210400413_01   29.264827  -89.191659   -26.000      -0.335    -4.906     0.547    -4.889
0210400415_01   29.157428  -89.154535   -22.000      -1.449    -0.411    -1.352    -0.663
0210400416_01   29.094458  -89.198532   -24.000      -0.587     0.643    -0.693     0.528
0210400421_01   29.595348  -89.717708   -19.095      -1.146    -0.991    -0.951    -1.181
0210400423_01   29.155601  -89.265495   -21.000      -0.616    -0.457    -0.525    -0.560
0210400425_01   29.685321  -89.602666   -21.948       0.358     0.911     0.189     0.961
0210400426_01   29.420909  -89.589430   -21.892      -4.304    -0.648    -4.121    -1.407
0210400427_01   29.674060  -89.528639   -18.820      -3.959    -1.248    -3.674    -1.935
0210400429_01   29.763430  -89.676020   -22.258      -1.910     1.920    -2.224     1.550
0210400432_01   29.397043  -89.562898   -27.670       2.095     0.697     1.937     1.060
0210400433_01   29.548213  -89.693246   -17.479      -2.234     1.923    -2.543     1.494
0210400434_01   29.055715  -89.183535   -23.000       0.109     2.471    -0.335     2.452
0210400438_01   29.732853  -89.648844   -16.046       0.749     2.230     0.338     2.328
0210400439_01   29.329560  -89.301448   -24.000       0.723    -3.712     1.375    -3.525
0210400440_01   29.345576  -89.329922   -23.000       0.301     1.866    -0.037     1.891
0210400444_01   29.125825  -89.281806   -23.000      -0.627     0.157    -0.645     0.043
0210400446_01   29.214521  -89.138756   -22.000       3.866     5.385     2.842     5.990
0210400451_01   29.602965  -89.675481   -15.420      -0.099     1.405    -0.349     1.366
0210400452_01   29.222962  -89.297823   -22.000       4.444     2.962     3.845     3.709
0210400454_01   29.038733  -89.212732   -24.000       5.171     4.619     4.264     5.470
0210400456_01   29.234424  -89.213547   -25.000       1.297    -0.581     1.380    -0.341
0210400457_01   29.413955  -89.542907   -20.729       3.416     1.636     3.070     2.220
0210400459_01   29.294711  -89.281822   -21.000      -1.546    -2.112    -1.145    -2.355
0210400460_01   29.638731  -89.659404   -15.194       1.057     0.317     0.984     0.500
0210400464_01   29.118775  -89.064340   -23.000       2.844     3.931     2.096     4.377
0210400466_01   29.311606  -89.306595   -24.000      -0.919    -0.494    -0.817    -0.650
0210400467_01   29.478312  -89.587484   -23.843      -4.009    -1.813    -3.622    -2.500
0210400468_01   29.658896  -89.666436   -17.645      -0.353     0.895    -0.508     0.818
0210400470_01   29.441299  -89.694138   -20.113       1.693     2.226     1.268     2.493
0210400473_01   29.661960  -89.593728   -23.456      -2.601     2.134    -2.942     1.637
0210400475_01   29.348002  -89.283641   -23.000      -0.521     1.983    -0.867     1.859
0210400476_01   29.567473  -89.664649   -17.641      -3.590     0.326    -3.592    -0.320
0210400477_01   29.526100  -89.689259   -18.642       0.021     2.033    -0.343     2.005
0210400479_01   29.054735  -89.338466   -22.000       5.379    -1.249     5.518    -0.268
0210400483_01   29.189843  -89.191912   -24.000       2.638     1.281     2.368     1.732
0210400484_01   29.216087  -89.159453   -22.000      -0.925    -1.801    -0.588    -1.938
0210400485_01   28.951284  -89.402922   -22.000      -4.964    -5.071    -3.979    -5.879
0210400487_01   29.083724  -89.176116   -25.000      -1.838    -0.958    -1.637    -1.271
0210400488_01   29.318972  -89.224007   -23.000       6.365    -3.606     6.909    -2.412
0210400490_01   29.105241  -89.234201   -22.000      -2.964    -3.982    -2.205    -4.448
0210400492_01   29.764755  -89.623624   -18.562       6.946     2.946     6.311     4.139
0210400493_01   29.624928  -89.633623   -13.135      -3.643     1.817    -3.911     1.139
0210400494_01   29.230042  -89.183201   -25.000      -5.598    -5.502    -4.526    -6.415
0210400496_01   29.088562  -89.260036   -22.000      -2.956    -1.300    -2.677    -1.807
0210400500_01   29.590965  -89.612026   -21.133      -0.363     2.331    -0.774     2.230
0210400502_01   29.168095  -89.181284   -24.000      -4.128     2.428    -4.497     1.653
0210400503_01   29.702155  -89.695155   -17.048      -0.803    -1.256    -0.566    -1.380
0210400504_01   29.547285  -89.658538   -14.469      -2.871     0.227    -2.867    -0.289
0210400505_01   29.059613  -89.259094   -22.000      -1.351     1.081    -1.523     0.822
0210400506_01   29.482679  -89.627194   -22.826      -0.536    -0.582    -0.424    -0.668
0210400507_01   29.331263  -89.674892   -22.048      -1.609     1.977    -1.938     1.659
0210400508_01   29.239672  -89.318577   -24.000       3.671     0.558     3.513     1.205
0210400510_01   29.121143  -89.188920   -21.000       2.331    -5.490     3.276    -4.986
0210400511_01   29.179937  -89.151915   -22.000      -1.414    -2.378    -0.966    -2.593
0210400512_01   29.439072  -89.642467   -23.527       1.100     0.547     0.985     0.735
0210400514_01   29.643679  -89.615847   -19.264      -3.335     0.540    -3.380    -0.064
0210400517_01   29.521423  -89.584888   -26.614      -3.268     2.862    -3.729     2.234
0210400518_01   29.075238  -89.198430   -22.000      -2.059     1.703    -2.331     1.308
0210400520_01   29.456249  -89.553536   -21.813      -0.286     2.029    -0.645     1.946
0210400524_01   29.359090  -89.596223   -25.865      -3.539     1.304    -3.717     0.652
0210400528_01   29.499869  -89.675263   -19.365      -1.818     0.288    -1.841    -0.041
0210400529_01   29.285739  -89.187467   -23.000       0.217    -1.654     0.509    -1.589
0210400530_01   29.243756  -89.155702   -23.000      -1.335     3.178    -1.882     2.890
0210400532_01   29.713960  -89.632856   -18.398       1.278    -0.489     1.345    -0.253
0210400534_01   29.139397  -89.197941   -24.000      -3.654    -3.884    -2.902    -4.475
0210400536_01   29.729677  -89.672331   -18.718       0.728     1.230     0.496     1.341
0210400537_01   29.032864  -89.156882   -24.000       1.668     3.590     1.000     3.831
0210400542_01   29.334455  -89.595930   -23.361      -0.204     3.666    -0.856     3.572
0210400545_01   29.454669  -89.578838   -20.301      -2.434     0.979    -2.571     0.529
0210400547_01   29.209593  -89.366954   -23.000       2.531     5.274     1.548     5.643
0210400548_01   29.577829  -89.713851   -18.289       1.718    -1.694     1.994    -1.361
0210400551_01   29.344415  -89.349971   -21.000       3.792     1.192     3.519     1.850
0210400552_01   29.741609  -89.356989   -29.410       0.891    -3.465     1.496    -3.252
0210400554_01   29.329667  -89.646120   -22.373      -6.679     4.663    -7.409     3.398
0210400557_01   29.398888  -89.783576   -23.888      -0.856     1.001    -1.022     0.833
0210400559_01   29.393336  -89.697509   -20.328      -5.481     1.814    -5.720     0.807
0210400560_01   29.385865  -89.538189   -22.483       5.451     2.015     5.005     2.957
0210400563_01   29.252809  -89.214556   -25.000       1.213    -5.197     2.123    -4.898
0210400564_01   29.238222  -89.339525   -21.000       0.978     0.672     0.842     0.837
0210400565_01   29.127153  -89.390968   -22.000      -3.866     0.459    -3.887    -0.239
0210400567_01   29.282494  -89.468049   -29.050       0.422    -4.213     1.169    -4.072
0210400568_01   29.574711  -89.571353   -22.786       2.747     5.117     1.789     5.527
0210400570_01   29.585794  -89.654291   -15.886       2.260    -1.254     2.449    -0.831
0210400572_01   29.280637  -89.217927   -23.000      -0.097    -3.160     0.469    -3.127
0210400575_01   29.464339  -89.609368   -16.587       2.245    -3.988     2.924    -3.525
0210400577_01   29.418776  -89.776384   -20.839       0.134     0.658     0.014     0.672
0210400578_01   29.762711  -89.603426   -20.672       0.994    -0.485     1.065    -0.299
0210400579_01   29.402940  -89.743818   -22.059       0.118     5.352    -0.842     5.291
0210400580_01   29.318889  -89.474440   -25.648       0.894    -5.245     1.818    -5.003
0210400582_01   29.680141  -89.699523   -18.048       0.448    -1.617     0.730    -1.512
0210400583_01   29.027095  -89.325216   -20.000       1.321    -2.128     1.681    -1.858
0210400584_01   29.256183  -89.255672   -24.000      -5.934    -3.417    -5.230    -4.423
0210400585_01   29.371650  -89.752840   -16.963       1.458    -1.107     1.633    -0.830
0210400587_01   29.395704  -89.673466   -21.764      -1.898     0.555    -1.968     0.208
0210400588_01   29.080815  -89.221658   -24.000       0.105     6.248    -1.014     6.169
0210400589_01   29.211835  -89.188061   -22.000      -3.734    -0.201    -3.639    -0.864
0210400591_01   29.264207  -89.414829   -27.397       4.025     3.007     3.424     3.679
0210400593_01   29.648489  -89.712635   -19.070       1.329    -0.836     1.458    -0.586
0210400594_01   29.417821  -89.566812   -24.203      -5.624    -5.970    -4.468    -6.880
0210400596_01   29.538637  -89.602956   -25.876       6.869     5.380     5.800     6.522
0210400598_01   29.313959  -89.279795   -21.000      -2.175    -0.235    -2.098    -0.620
0210400600_01   29.421528  -89.708759   -18.300      -0.384     0.963    -0.550     0.879
0210400601_01   29.298867  -89.212764   -24.000       4.112    -0.635     4.161     0.110
0210400602_01   29.319737  -89.710084   -19.115      -1.114     1.258    -1.322     1.040
0210400605_01   29.648617  -89.639199   -19.487      -0.640    -0.131    -0.606    -0.243
0210400606_01   29.466741  -89.733456   -17.049       1.486    -0.100     1.481     0.166
0210400607_01   29.459217  -89.757685   -21.275       0.774    -2.341     1.181    -2.167
0210400608_01   29.242972  -89.422657   -26.482       1.373     1.751     1.038     1.969
0210400610_01   29.312996  -89.668235   -25.640      -5.593     4.001    -6.221     2.940
0210400611_01   29.068313  -89.289173   -18.000       0.360    -2.621     0.823    -2.515
0210400613_01   29.396365  -89.584174   -22.806       4.955    -3.355     5.478    -2.418
0210400615_01   29.156676  -89.132936   -26.000       0.871     3.314     0.265     3.417
0210400618_01   29.260001  -89.511629   -23.645       1.992     0.276     1.911     0.627
0210400621_01   29.212948  -89.345431   -22.000       4.061     0.078     3.983     0.802
0210400622_01   29.350194  -89.648509   -22.594      -2.347     3.893    -3.006     3.413
0210400623_01   29.242978  -89.481880   -18.854       0.087     2.108    -0.291     2.091
0210400624_01   29.437027  -89.664650   -22.944      -0.840    -2.324    -0.411    -2.438
0210400626_01   29.440243  -89.772327   -21.274       1.729    -0.504     1.792    -0.188
0210400627_01   29.421449  -89.685876   -16.923      -1.076     2.823    -1.564     2.587
0210400629_01   29.484924  -89.650750   -21.222      -1.063    -0.723    -0.917    -0.901
0210400631_01   29.438847  -89.721888   -18.058      -1.111     0.998    -1.272     0.784
0210400633_01   29.343427  -89.716578   -18.615       0.608     2.143     0.215     2.219
0210400634_01   29.308391  -89.614711   -22.344       0.055     1.444    -0.204     1.432
0210400635_01   29.441921  -89.742998   -17.541       1.442     0.719     1.291     0.965
0210400636_01   29.662422  -89.692864   -17.915       0.642     0.667     0.513     0.772
0220390458_01   29.496227  -89.694304   -16.016       3.756    -1.420     3.951    -0.727
0220390655_01   29.731855  -89.608513   -23.801      -1.082    -1.126    -0.863    -1.301
0220390664_01   29.607064  -89.777708   -18.016      -1.916     0.233    -1.928    -0.112
0220390666_01   29.563009  -89.736082   -21.770       4.282    -0.051     4.224     0.714
0220390672_01   29.618542  -89.717276   -18.090      -0.118    -1.442     0.142    -1.441
0220390684_01   29.281646  -89.441192   -33.445       2.525     4.449     1.689     4.831
0220400027_01   29.382236  -89.595215   -24.489       0.081    -2.375     0.505    -2.323
0220400045_01   29.468004  -89.681323   -31.505      -4.170    -6.857    -2.879    -7.495
0220400081_01   29.496231  -89.694010   -19.781      -0.459     1.079    -0.645     0.980
0220400108_01   29.390874  -89.788225   -31.927       3.540    -2.738     3.975    -2.064
0220400146_01   29.463099  -89.623143   -21.129       3.487     0.781     3.292     1.391
0220400197_01   29.552146  -89.790842   -22.031       4.302     1.652     3.939     2.394
0220400212_01   29.404186  -89.607766   -23.084      -5.282    -0.674    -5.079    -1.607
0220400250_01   29.369349  -89.750879   -20.319      -1.978    -2.386    -1.521    -2.703
0220400389_01   29.401269  -89.751540   -16.973       1.627     6.011     0.527     6.208
0220400411_01   29.460290  -89.558334   -21.118      -2.424     0.331    -2.446    -0.107
0220400485_01   29.431703  -89.539803   -20.026       5.469     6.729     4.180     7.600
0220400537_01   29.563012  -89.714749   -19.993       2.880    -5.304     3.784    -4.707
0220400539_01   29.380121  -89.781169   -16.495      -1.476    -3.780    -0.777    -3.985
0220400541_01   29.571015  -89.623516   -14.444      -4.775     5.883    -5.752     4.939
0220400570_01   29.389018  -89.490549   -20.225      -1.550    -3.264    -0.942    -3.489
0220400578_01   29.498002  -89.657464   -21.795      -1.177    -4.338    -0.383    -4.481
0220400594_01   29.243694  -89.519272   -26.779       6.365    -4.438     7.059    -3.232
0220400632_01   29.592493  -89.779735   -20.008       0.275    -4.352     1.050    -4.235
0220400635_01   29.331244  -89.674954   -23.422       1.669     3.889     0.947     4.127
